[43.3703,0.849,0.845,0.8561,0.849,0.908,-1.3845,0.849,0.899,0.0300,0.845,0.813,0.0011,0.845,0.775,-4.2724,0.845,0.661,4.9419,0.845,0.676,-2.5721,0.813,0.865,-5.0953,0.865,0.825,2.9458,0.775,0.861,4.6956,0.861,0.818,-2.6777,0.661,0.781,-4.2600,0.781,0.735,2.3817,0.676,0.727,4.1915,0.727,0.737,-1.1239,0.908,0.881,0.7276,0.899,0.923]
[41.4458,0.836,0.890,0.9886,0.836,0.955,-1.2007,0.836,0.910,0.0007,0.890,0.861,0.0306,0.890,0.799,-4.3536,0.890,0.668,5.0551,0.890,0.690,-2.4581,0.861,0.821,-4.8655,0.821,0.838,3.1129,0.799,0.855,4.9653,0.855,0.807,-2.7204,0.668,0.802,-4.1941,0.802,0.736,2.3955,0.690,0.725,4.2416,0.725,0.733,-0.9029,0.955,0.922,0.7986,0.910,0.940]
[43.0255,0.832,0.897,0.9842,0.832,0.970,-1.1916,0.832,0.913,0.0002,0.897,0.849,0.0013,0.897,0.818,-4.3567,0.897,0.682,5.2688,0.897,0.702,-2.5689,0.849,0.847,-4.7590,0.847,0.845,2.9413,0.818,0.838,4.6780,0.838,0.818,-2.6474,0.682,0.797,-4.3525,0.797,0.713,2.6194,0.702,0.724,3.5796,0.724,0.738,-1.0010,0.970,0.947,0.7998,0.913,0.935]
[43.6135,0.825,0.902,0.6680,0.825,0.964,-0.8052,0.825,0.903,0.0008,0.902,0.846,0.0306,0.902,0.823,-4.3599,0.902,0.679,5.3216,0.902,0.707,-2.5223,0.846,0.829,-4.3127,0.829,0.856,2.7799,0.823,0.843,5.0802,0.843,0.859,-2.7486,0.679,0.795,-4.0074,0.795,0.694,2.7917,0.707,0.762,3.3391,0.762,0.746,-0.8989,0.964,0.962,0.8863,0.903,0.928]
[44.6322,0.827,0.896,0.6661,0.827,0.950,-0.8047,0.827,0.898,0.0004,0.896,0.841,0.0302,0.896,0.818,-4.3604,0.896,0.686,5.3164,0.896,0.703,-2.3672,0.841,0.843,-4.8858,0.843,0.837,2.6904,0.818,0.823,4.8727,0.823,0.846,-2.7515,0.686,0.818,-3.9469,0.818,0.707,2.7939,0.703,0.769,3.3839,0.769,0.726,-0.8979,0.950,0.944,0.8015,0.898,0.909]
[45.1496,0.844,0.895,0.6567,0.844,0.939,-0.7944,0.844,0.893,0.0007,0.895,0.835,0.0008,0.895,0.829,-4.3565,0.895,0.683,5.3315,0.895,0.718,-2.2691,0.835,0.864,-4.9146,0.864,0.820,2.7668,0.829,0.846,4.5211,0.846,0.806,-2.7921,0.683,0.801,-3.8970,0.801,0.698,2.8326,0.718,0.771,3.4516,0.771,0.742,-0.9997,0.939,0.936,0.8032,0.893,0.903]
[44.8376,0.842,0.900,0.4368,0.842,0.920,-0.6058,0.842,0.887,0.0002,0.900,0.832,0.0004,0.900,0.837,-4.3591,0.900,0.678,5.3261,0.900,0.715,-2.2252,0.832,0.886,-4.4510,0.886,0.853,2.5779,0.837,0.820,4.5548,0.820,0.808,-2.7496,0.678,0.824,-4.0034,0.824,0.700,2.7961,0.715,0.769,3.5011,0.769,0.732,-1.0011,0.920,0.917,0.8864,0.887,0.890]
[23.4092,0.853,0.893,0.5032,0.853,0.919,-0.7471,0.853,0.886,0.0005,0.893,0.829,0.0007,0.893,0.835,-4.1402,0.893,0.667,5.5676,0.893,0.711,-2.0890,0.829,0.886,-4.9663,0.886,0.849,2.2290,0.835,0.819,5.6914,0.819,0.824,-2.7892,0.667,0.823,-3.9459,0.823,0.717,2.8348,0.711,0.759,3.5022,0.759,0.729,-0.8978,0.919,0.908,0.7047,0.886,0.868]
[45.4978,0.848,0.896,0.5032,0.848,0.927,-0.6077,0.848,0.881,-0.0000,0.896,0.837,0.0004,0.896,0.833,-4.3148,0.896,0.665,5.3330,0.896,0.716,-2.0854,0.837,0.870,-4.7470,0.870,0.828,1.9624,0.833,0.828,5.8406,0.828,0.816,-2.7906,0.665,0.815,-3.6212,0.815,0.644,2.8350,0.716,0.761,3.4510,0.761,0.727,-0.8966,0.927,0.917,0.8853,0.881,0.875]
[46.2515,0.858,0.888,0.6587,0.858,0.920,-0.6061,0.858,0.885,-0.0004,0.888,0.845,-0.0000,0.888,0.829,-4.3174,0.888,0.672,5.2770,0.888,0.706,-2.0396,0.845,0.852,-4.2650,0.852,0.874,1.9566,0.829,0.806,3.9122,0.806,0.851,-2.7927,0.672,0.809,-3.9451,0.809,0.708,2.8757,0.706,0.757,3.3845,0.757,0.705,-1.0003,0.920,0.900,0.7814,0.885,0.886]
[45.1565,0.852,0.890,0.5718,0.852,0.910,-0.7481,0.852,0.892,0.0007,0.890,0.843,0.0007,0.890,0.831,-4.2687,0.890,0.671,5.2286,0.890,0.702,-1.9160,0.843,0.811,-4.8610,0.811,0.852,1.8347,0.831,0.792,3.9840,0.792,0.796,-2.8758,0.671,0.808,-3.7899,0.808,0.675,2.8347,0.702,0.762,3.5957,0.762,0.704,-0.9939,0.910,0.886,0.7050,0.892,0.878]
[44.3966,0.836,0.896,0.6626,0.836,0.925,-0.9843,0.836,0.909,0.0002,0.896,0.847,-0.0003,0.896,0.840,-4.2676,0.896,0.671,5.2795,0.896,0.696,-1.8403,0.847,0.792,-4.5139,0.792,0.877,1.8269,0.840,0.810,3.0967,0.810,0.867,-2.8775,0.671,0.814,-3.8438,0.814,0.664,2.8753,0.696,0.761,3.3835,0.761,0.708,-0.8934,0.925,0.905,0.5492,0.909,0.864]
[43.9644,0.832,0.892,0.5811,0.832,0.938,-0.9987,0.832,0.916,0.0000,0.892,0.842,0.0290,0.892,0.828,-4.2283,0.892,0.673,5.2657,0.892,0.700,-1.7963,0.842,0.775,-4.5435,0.775,0.881,1.7381,0.828,0.821,2.5023,0.821,0.844,-2.9178,0.673,0.812,-3.9380,0.812,0.679,2.9196,0.700,0.761,3.3346,0.761,0.723,-0.8763,0.938,0.911,0.6081,0.916,0.878]
[22.4339,0.827,0.887,0.6750,0.827,0.941,-0.8097,0.827,0.925,-0.0002,0.887,0.834,0.0001,0.887,0.826,-4.1396,0.887,0.674,5.2736,0.887,0.701,-1.7195,0.834,0.779,-4.7568,0.779,0.865,1.7048,0.826,0.848,2.5495,0.848,0.879,-2.9911,0.674,0.808,-3.7927,0.808,0.653,2.9174,0.701,0.761,3.3321,0.761,0.715,-0.8781,0.941,0.902,0.7025,0.925,0.890]
[44.4422,0.821,0.895,0.5812,0.821,0.937,-0.9966,0.821,0.916,-0.0001,0.895,0.836,0.0003,0.895,0.826,-4.1397,0.895,0.684,5.2745,0.895,0.705,-1.6810,0.836,0.750,-3.7046,0.750,0.864,1.6648,0.826,0.846,2.2178,0.846,0.856,-2.9919,0.684,0.801,-3.7415,0.801,0.651,2.9171,0.705,0.770,3.6284,0.770,0.716,-0.9947,0.937,0.901,0.7083,0.916,0.910]
[43.1045,0.822,0.898,0.8321,0.822,0.955,-1.2343,0.822,0.919,-0.0005,0.898,0.846,0.0005,0.898,0.829,-4.1380,0.898,0.673,5.2832,0.898,0.701,-1.5382,0.846,0.760,-5.0609,0.760,0.884,1.6638,0.829,0.820,1.7082,0.820,0.867,-2.9554,0.673,0.809,-3.8283,0.809,0.655,2.8751,0.701,0.763,3.4264,0.763,0.716,-0.8932,0.955,0.914,0.8872,0.919,0.920]
[22.4370,0.821,0.890,0.8328,0.821,0.951,-0.9989,0.821,0.928,-0.0004,0.890,0.836,0.0001,0.890,0.819,-4.1404,0.890,0.676,5.2764,0.890,0.703,-1.5752,0.836,0.765,-4.2067,0.765,0.848,1.6011,0.819,0.770,1.5002,0.770,0.858,-2.9133,0.676,0.796,-3.9910,0.796,0.651,2.8772,0.703,0.762,3.6739,0.762,0.710,-0.9972,0.951,0.925,0.8880,0.928,0.929]
[22.3408,0.831,0.896,0.8368,0.831,0.960,-1.0003,0.831,0.929,0.0001,0.896,0.840,0.0007,0.896,0.824,-4.1397,0.896,0.685,5.2773,0.896,0.702,-1.4674,0.840,0.757,-6.0216,0.757,0.822,1.7735,0.824,0.750,1.1532,0.750,0.841,-2.8744,0.685,0.797,-4.1058,0.797,0.660,2.9195,0.702,0.773,3.8225,0.773,0.710,-0.9952,0.960,0.925,0.8880,0.929,0.937]
[42.7741,0.833,0.876,0.8587,0.833,0.959,-1.4746,0.833,0.917,-0.0005,0.876,0.817,0.0297,0.876,0.813,-4.1754,0.876,0.674,5.3295,0.876,0.695,-1.4144,0.817,0.771,-15.2379,0.771,0.828,1.8095,0.813,0.756,1.0030,0.756,0.847,-2.8776,0.674,0.801,-4.1742,0.801,0.681,2.9582,0.695,0.789,3.5786,0.789,0.697,-0.9947,0.959,0.920,0.8893,0.917,0.936]
[43.2301,0.838,0.863,0.8620,0.838,0.946,-1.2070,0.838,0.909,-0.0010,0.863,0.784,0.0001,0.863,0.812,-4.1315,0.863,0.661,5.2872,0.863,0.700,-1.3807,0.784,0.769,-15.2504,0.769,0.825,1.6952,0.812,0.775,1.0932,0.775,0.852,-2.9196,0.661,0.805,-3.8840,0.805,0.640,2.9117,0.700,0.755,3.7346,0.755,0.686,-0.8793,0.946,0.924,0.7870,0.909,0.929]
[43.8141,0.833,0.856,0.8594,0.833,0.939,-1.4864,0.833,0.923,-0.0005,0.856,0.806,0.0009,0.856,0.807,-4.1387,0.856,0.678,5.2254,0.856,0.698,-1.4280,0.806,0.784,-8.2163,0.784,0.823,1.7710,0.807,0.770,0.8367,0.770,0.850,-2.9549,0.678,0.815,-3.9420,0.815,0.676,2.9549,0.698,0.778,3.4972,0.778,0.689,-1.0000,0.939,0.925,0.8055,0.923,0.928]
[43.5544,0.843,0.863,0.8607,0.843,0.946,-1.4844,0.843,0.925,-0.0002,0.863,0.805,0.0013,0.863,0.785,-4.1380,0.863,0.668,5.5720,0.863,0.691,-1.3697,0.805,0.779,-14.8044,0.779,0.817,1.6943,0.785,0.750,0.8364,0.750,0.809,-2.9153,0.668,0.816,-3.8336,0.816,0.654,2.8441,0.691,0.792,3.7760,0.792,0.711,-1.0014,0.946,0.914,0.8022,0.925,0.937]
[42.0217,0.845,0.851,0.9954,0.845,0.931,-1.7082,0.845,0.923,-0.0001,0.851,0.796,0.0314,0.851,0.789,-4.1431,0.851,0.662,5.2753,0.851,0.687,-1.4158,0.796,0.775,-14.6387,0.775,0.819,1.8489,0.789,0.737,0.7365,0.737,0.833,-2.9500,0.662,0.820,-3.8819,0.820,0.695,2.9562,0.687,0.791,3.7351,0.791,0.708,-0.9959,0.931,0.921,0.7975,0.923,0.938]
[42.1270,0.848,0.845,1.1524,0.848,0.924,-1.3819,0.848,0.920,0.0002,0.845,0.803,0.0311,0.845,0.776,-4.3208,0.845,0.665,5.0111,0.845,0.683,-1.4152,0.803,0.763,-7.6225,0.763,0.817,1.8461,0.776,0.743,0.8556,0.743,0.814,-2.9141,0.665,0.824,-3.8764,0.824,0.693,2.9514,0.683,0.784,3.6003,0.784,0.717,-0.9926,0.924,0.923,0.7981,0.920,0.927]
[42.8139,0.855,0.847,0.8625,0.855,0.917,-1.7087,0.855,0.900,0.0298,0.847,0.796,0.0328,0.847,0.776,-4.0948,0.847,0.664,5.2236,0.847,0.674,-1.4636,0.796,0.752,-5.0817,0.752,0.817,1.8449,0.776,0.768,0.9289,0.768,0.829,-2.9538,0.664,0.822,-3.8831,0.822,0.716,2.9549,0.674,0.784,3.5973,0.784,0.695,-0.8769,0.917,0.911,0.7975,0.900,0.913]
[22.8387,0.865,0.824,0.9986,0.865,0.898,-1.1939,0.865,0.877,0.0303,0.824,0.768,0.0329,0.824,0.775,-4.0528,0.824,0.666,5.2251,0.824,0.680,-1.4649,0.768,0.737,-4.6935,0.737,0.797,1.6361,0.775,0.731,0.9983,0.731,0.849,-2.9134,0.666,0.824,-3.6691,0.824,0.684,2.9071,0.680,0.771,3.6914,0.771,0.709,-0.9905,0.898,0.897,0.7246,0.877,0.907]
[22.5247,0.861,0.820,0.9885,0.861,0.878,-1.1831,0.861,0.874,0.0000,0.820,0.776,0.0330,0.820,0.781,-4.0539,0.820,0.662,5.1656,0.820,0.675,-1.4152,0.776,0.757,-7.4681,0.757,0.793,1.6091,0.781,0.701,0.9964,0.701,0.853,-2.9164,0.662,0.839,-3.6623,0.839,0.680,2.9073,0.675,0.763,3.6553,0.763,0.699,-0.9927,0.878,0.881,0.7035,0.874,0.883]
[45.7320,0.871,0.827,0.7116,0.871,0.879,-1.2360,0.871,0.878,-0.0001,0.827,0.784,0.0312,0.827,0.790,-4.0138,0.827,0.660,5.1605,0.827,0.678,-1.4152,0.784,0.766,-7.8759,0.766,0.818,1.7476,0.790,0.739,0.8784,0.739,0.878,-2.9143,0.660,0.821,-3.8274,0.821,0.655,2.7985,0.678,0.758,3.6537,0.758,0.723,-0.9938,0.879,0.868,0.7030,0.878,0.876]
[45.8110,0.862,0.839,0.5764,0.862,0.884,-1.2320,0.862,0.872,0.0297,0.839,0.791,0.0011,0.839,0.805,-4.0939,0.839,0.653,5.2199,0.839,0.678,-1.4026,0.791,0.806,-15.4768,0.806,0.844,1.6508,0.805,0.733,0.9973,0.733,0.868,-2.8319,0.653,0.849,-3.8750,0.849,0.671,2.6175,0.678,0.734,3.8391,0.734,0.726,-0.9997,0.884,0.864,0.7016,0.872,0.881]
[47.7349,0.867,0.845,0.5742,0.867,0.892,-0.8051,0.867,0.865,0.0001,0.845,0.795,0.0007,0.845,0.798,-4.0975,0.845,0.649,5.2199,0.845,0.666,-1.4156,0.795,0.789,-8.0759,0.789,0.849,1.6348,0.798,0.723,0.9992,0.723,0.873,-2.8308,0.649,0.841,-3.9333,0.841,0.684,2.6139,0.666,0.720,4.0546,0.720,0.700,-1.1192,0.892,0.880,0.8892,0.865,0.875]
[4.7089,0.877,0.842,0.1202,0.877,0.904,-1.5919,0.877,0.927,0.0013,0.842,0.820,0.0291,0.842,0.812,-4.4083,0.842,0.635,5.3922,0.842,0.675,-2.9866,0.820,0.845,-6.7041,0.845,0.786,3.0490,0.812,0.868,13.4529,0.868,0.840,-12.7714,0.635,0.761,-16.6992,0.761,0.629,10.5146,0.675,0.726,35.0607,0.726,0.746,-4.5960,0.904,0.896,0.7596,0.927,0.947]
[5.3198,0.884,0.839,0.0059,0.884,0.908,-1.4119,0.884,0.937,0.0012,0.839,0.824,0.0282,0.839,0.811,-4.6173,0.839,0.651,5.1081,0.839,0.688,-2.7747,0.824,0.864,-5.6303,0.864,0.836,3.0496,0.811,0.865,13.3071,0.865,0.823,-12.7306,0.651,0.764,-17.4519,0.764,0.646,10.3106,0.688,0.741,35.5956,0.741,0.749,-4.5922,0.908,0.890,0.6594,0.937,0.930]
[4.3672,0.892,0.847,0.0057,0.892,0.907,-1.4072,0.892,0.936,0.0012,0.847,0.816,0.0300,0.847,0.814,-4.3619,0.847,0.678,5.6408,0.847,0.690,-2.6268,0.816,0.856,-6.3657,0.856,0.837,2.9959,0.814,0.853,9.2279,0.853,0.791,-11.0097,0.678,0.760,-22.9804,0.760,0.666,10.4458,0.690,0.734,35.5639,0.734,0.754,-4.6113,0.907,0.878,0.7619,0.936,0.930]
[4.3613,0.883,0.850,0.0063,0.883,0.906,-1.4075,0.883,0.929,0.0011,0.850,0.817,0.0295,0.850,0.823,-4.3616,0.850,0.672,5.3440,0.850,0.691,-2.5759,0.817,0.878,-6.1838,0.878,0.798,2.8883,0.823,0.846,7.1948,0.846,0.842,-10.8985,0.672,0.758,-17.7265,0.758,0.649,12.4270,0.691,0.718,35.1653,0.718,0.741,-4.6149,0.906,0.894,0.7596,0.929,0.946]
[4.2795,0.879,0.850,0.1196,0.879,0.904,-1.5908,0.879,0.928,0.0011,0.850,0.819,0.0296,0.850,0.826,-4.3646,0.850,0.684,5.3438,0.850,0.700,-2.5727,0.819,0.881,-6.0237,0.881,0.795,2.8894,0.826,0.845,5.8607,0.845,0.844,-10.9033,0.684,0.756,-22.0784,0.756,0.660,14.6544,0.700,0.721,23.7426,0.721,0.760,-4.6136,0.904,0.894,0.6904,0.928,0.946]
[4.2779,0.884,0.854,0.1203,0.884,0.905,-1.4018,0.884,0.923,0.0010,0.854,0.830,0.0297,0.854,0.826,-4.3618,0.854,0.681,5.6354,0.854,0.690,-2.4520,0.830,0.891,-5.5122,0.891,0.821,2.8895,0.826,0.852,5.4851,0.852,0.796,-10.9451,0.681,0.751,-22.3608,0.751,0.703,14.8554,0.690,0.729,17.7820,0.729,0.766,-4.6040,0.905,0.898,0.6594,0.923,0.955]
[4.3591,0.871,0.857,0.1192,0.871,0.901,-1.4048,0.871,0.916,0.0277,0.857,0.813,0.0017,0.857,0.828,-4.3134,0.857,0.664,5.5897,0.857,0.683,-2.4460,0.813,0.891,-7.9765,0.891,0.854,2.7784,0.828,0.834,4.4662,0.834,0.822,-10.9700,0.664,0.745,-22.8790,0.745,0.678,18.4644,0.683,0.727,14.3166,0.727,0.752,-4.9209,0.901,0.904,0.5978,0.916,0.941]
[4.3662,0.862,0.860,0.1204,0.862,0.892,-1.4038,0.862,0.915,0.0271,0.860,0.814,0.0013,0.860,0.829,-4.3189,0.860,0.677,5.2898,0.860,0.686,-2.3993,0.814,0.879,-7.9126,0.879,0.804,2.6685,0.829,0.861,4.4156,0.861,0.861,-12.6614,0.677,0.728,-16.9585,0.728,0.678,18.3962,0.686,0.716,17.7913,0.716,0.746,-4.5938,0.892,0.907,0.5970,0.915,0.925]
[5.2221,0.847,0.861,0.0079,0.847,0.890,-2.3113,0.847,0.918,0.0006,0.861,0.825,0.0292,0.861,0.835,-4.3186,0.861,0.662,5.3425,0.861,0.676,-2.3981,0.825,0.867,-7.4890,0.867,0.780,2.6624,0.835,0.849,4.1517,0.849,0.820,-12.6303,0.662,0.719,-17.2434,0.719,0.696,18.3281,0.676,0.724,17.7535,0.724,0.766,-3.4707,0.890,0.914,0.5439,0.918,0.905]
[5.3427,0.848,0.860,0.0076,0.848,0.890,-2.3262,0.848,0.921,0.0006,0.860,0.816,0.0013,0.860,0.824,-4.3181,0.860,0.661,5.2939,0.860,0.676,-2.3532,0.816,0.874,-9.8344,0.874,0.787,2.5278,0.824,0.832,3.7387,0.832,0.812,-10.9341,0.661,0.734,-22.6094,0.734,0.685,14.7034,0.676,0.719,23.8183,0.719,0.752,-2.7945,0.890,0.911,0.5444,0.921,0.891]
[5.8542,0.843,0.855,0.1240,0.843,0.885,-3.4227,0.843,0.911,0.0008,0.855,0.825,0.0010,0.855,0.832,-4.3182,0.855,0.680,5.2860,0.855,0.684,-2.3516,0.825,0.867,-6.9611,0.867,0.782,2.6575,0.832,0.812,3.8865,0.812,0.818,-10.7657,0.680,0.724,-22.2736,0.724,0.698,10.7538,0.684,0.723,66.7567,0.723,0.756,-2.3483,0.885,0.924,0.4560,0.911,0.878]
[5.2367,0.839,0.862,0.1231,0.839,0.871,-2.0393,0.839,0.895,0.0009,0.862,0.835,0.0295,0.862,0.822,-4.1359,0.862,0.673,5.6437,0.862,0.671,-2.2341,0.835,0.859,-7.0237,0.859,0.785,2.5214,0.822,0.802,4.3569,0.802,0.821,-11.1788,0.673,0.739,-22.1980,0.739,0.655,10.7479,0.671,0.726,66.7011,0.726,0.735,-2.9532,0.871,0.946,0.3647,0.895,0.885]
[5.8696,0.842,0.845,0.1288,0.842,0.873,-2.4958,0.842,0.904,0.0288,0.845,0.811,0.0307,0.845,0.801,-4.1401,0.845,0.674,5.7004,0.845,0.663,-2.2353,0.811,0.877,-9.9995,0.877,0.786,2.4728,0.801,0.813,4.5023,0.813,0.826,-12.7319,0.674,0.737,-13.6084,0.737,0.666,10.5929,0.663,0.719,67.5180,0.719,0.732,-2.0186,0.873,0.955,0.2524,0.904,0.864]
[6.2504,0.865,0.836,0.3324,0.865,0.873,-6.5077,0.865,0.941,0.0005,0.836,0.802,0.0301,0.836,0.806,-4.1374,0.836,0.668,5.6959,0.836,0.661,-2.2367,0.802,0.875,-10.0678,0.875,0.816,2.5245,0.806,0.788,4.4803,0.788,0.817,-12.9279,0.668,0.730,-13.6127,0.730,0.658,9.5762,0.661,0.756,1250.5875,0.756,0.727,-2.3197,0.873,0.951,0.1592,0.941,0.883]
[5.5157,0.887,0.836,0.3326,0.887,0.873,-6.5778,0.887,0.942,0.0289,0.836,0.797,0.0621,0.836,0.806,-4.0908,0.836,0.670,5.9725,0.836,0.675,-2.2363,0.797,0.865,-10.0143,0.865,0.822,2.5534,0.806,0.798,4.0033,0.798,0.844,-10.8805,0.670,0.713,-13.8683,0.713,0.656,9.5865,0.675,0.753,1347.0458,0.753,0.700,-2.1465,0.873,0.942,0.0859,0.942,0.887]
[6.3703,0.894,0.824,0.2240,0.894,0.860,-6.5395,0.894,0.962,0.0303,0.824,0.783,0.0607,0.824,0.806,-4.0462,0.824,0.674,5.5364,0.824,0.674,-2.2365,0.783,0.847,-10.1096,0.847,0.847,2.4990,0.806,0.814,3.9906,0.814,0.842,-11.0447,0.674,0.715,-16.7340,0.715,0.654,9.4130,0.674,0.716,8592.2800,0.716,0.654,-1.9895,0.860,0.947,0.1572,0.962,0.883]
[6.3984,0.899,0.820,0.2163,0.899,0.880,-7.3017,0.899,0.959,0.0291,0.820,0.779,0.0600,0.820,0.810,-4.0051,0.820,0.677,5.5293,0.820,0.669,-2.2987,0.779,0.838,-14.8761,0.838,0.854,2.5558,0.810,0.793,3.8219,0.793,0.851,-12.9496,0.677,0.747,-16.4150,0.747,0.680,9.6504,0.669,0.762,-40630.2000,0.762,0.662,-1.8351,0.880,0.950,0.2335,0.959,0.868]
[6.6928,0.925,0.842,0.1099,0.925,0.891,-7.4143,0.925,0.974,0.0002,0.842,0.800,0.0296,0.842,0.836,-4.1327,0.842,0.661,5.4699,0.842,0.675,-2.0493,0.800,0.844,-9.9992,0.844,0.837,2.5222,0.836,0.831,3.5597,0.831,0.844,-9.8261,0.661,0.759,-21.5107,0.759,0.691,9.5101,0.675,0.786,-4791.8837,0.786,0.666,-1.8255,0.891,0.942,0.3059,0.974,0.871]
[6.0165,0.954,0.872,0.0112,0.954,0.933,-3.4976,0.954,0.950,0.0282,0.872,0.812,0.0012,0.872,0.846,-4.0900,0.872,0.669,5.9124,0.872,0.688,-1.9986,0.812,0.838,-14.8172,0.838,0.866,2.6647,0.846,0.837,3.1360,0.837,0.853,-9.3482,0.669,0.776,-31.6488,0.776,0.699,9.1579,0.688,0.807,-3073.7761,0.807,0.680,-1.4440,0.933,0.912,0.4181,0.950,0.871]
[5.9065,0.960,0.879,0.1211,0.960,0.944,-3.9751,0.960,0.936,0.0004,0.879,0.817,0.0018,0.879,0.847,-3.9729,0.879,0.662,5.9709,0.879,0.680,-2.0484,0.817,0.825,-13.9785,0.825,0.872,2.5283,0.847,0.831,3.6868,0.831,0.828,-10.5940,0.662,0.765,-31.3185,0.765,0.686,9.1262,0.680,0.802,-1671.5520,0.802,0.677,-1.8553,0.944,0.893,0.4142,0.936,0.829]
[6.6944,0.924,0.887,0.0090,0.924,0.945,-3.4826,0.924,0.924,0.0003,0.887,0.822,0.0289,0.887,0.850,-4.3079,0.887,0.672,5.6355,0.887,0.688,-2.1884,0.822,0.828,-13.9837,0.828,0.854,2.4756,0.850,0.828,3.2571,0.828,0.814,-9.3504,0.672,0.774,-31.3087,0.774,0.688,9.1317,0.688,0.788,-1595.8217,0.788,0.681,-1.8665,0.945,0.891,0.4636,0.924,0.853]
[6.6855,0.880,0.879,0.1100,0.880,0.918,-5.5037,0.880,0.895,0.0275,0.879,0.827,0.0015,0.879,0.845,-4.0956,0.879,0.666,5.5768,0.879,0.684,-2.3479,0.827,0.840,-13.4805,0.840,0.855,2.6593,0.845,0.835,2.8964,0.835,0.795,-10.5529,0.666,0.773,-31.7911,0.773,0.676,8.1466,0.684,0.813,-70.5303,0.813,0.717,-2.4790,0.918,0.911,0.3870,0.895,0.875]
[6.3912,0.863,0.872,0.2203,0.863,0.898,-5.5787,0.863,0.905,0.0007,0.872,0.820,0.0299,0.872,0.829,-4.2644,0.872,0.676,5.5794,0.872,0.702,-2.2355,0.820,0.878,-28.3848,0.878,0.834,2.4740,0.829,0.820,3.4976,0.820,0.793,-9.1642,0.676,0.784,-22.6320,0.784,0.663,8.1473,0.702,0.792,-66.1732,0.792,0.707,-2.3279,0.898,0.941,0.2188,0.905,0.887]
[5.5149,0.908,0.846,0.3687,0.908,0.884,-3.5093,0.908,0.937,0.0297,0.846,0.806,0.0626,0.846,0.802,-4.0451,0.846,0.679,5.5328,0.846,0.694,-2.1358,0.806,0.864,-15.6839,0.864,0.858,2.4229,0.802,0.796,3.4972,0.796,0.802,-9.2669,0.679,0.775,-33.5736,0.775,0.657,9.1761,0.694,0.745,-64.4329,0.745,0.691,-1.8704,0.884,0.951,0.1598,0.937,0.858]
[5.5131,0.924,0.838,0.2403,0.924,0.896,-3.9737,0.924,0.968,0.0310,0.838,0.792,0.0920,0.838,0.805,-3.9997,0.838,0.685,5.4748,0.838,0.691,-2.0456,0.792,0.845,-28.8438,0.845,0.888,2.4218,0.805,0.789,2.7096,0.789,0.836,-9.2451,0.685,0.773,-33.5048,0.773,0.641,8.2029,0.691,0.734,-33.4793,0.734,0.701,-1.5898,0.896,0.924,0.3337,0.968,0.842]
[5.7484,0.919,0.851,0.1078,0.919,0.895,-7.3342,0.919,0.976,0.0001,0.851,0.813,0.0311,0.851,0.824,-3.9965,0.851,0.658,5.5882,0.851,0.663,-1.9153,0.813,0.836,-29.8589,0.836,0.884,2.4194,0.824,0.771,2.5531,0.771,0.834,-9.3959,0.658,0.771,-31.9076,0.771,0.675,7.3759,0.663,0.733,-21.1102,0.733,0.704,-1.8295,0.895,0.935,0.3854,0.976,0.849]
[5.8856,0.950,0.877,0.1088,0.950,0.928,-3.9265,0.950,0.949,0.0002,0.877,0.829,0.0012,0.877,0.851,-3.9606,0.877,0.657,5.5266,0.877,0.668,-1.8750,0.829,0.821,-15.2312,0.821,0.886,2.3522,0.851,0.797,2.8839,0.797,0.839,-9.3753,0.657,0.760,-31.5368,0.760,0.623,6.7018,0.668,0.743,-15.1444,0.743,0.692,-1.9898,0.928,0.902,0.4984,0.949,0.873]
[5.8827,0.916,0.876,0.0087,0.916,0.931,-3.4837,0.916,0.929,0.0004,0.876,0.838,0.0010,0.876,0.851,-4.0036,0.876,0.654,5.8431,0.876,0.663,-2.1314,0.838,0.839,-29.7770,0.839,0.853,2.5197,0.851,0.801,2.6070,0.801,0.822,-8.2813,0.654,0.775,-58.6150,0.775,0.664,6.1017,0.663,0.724,-15.1171,0.724,0.689,-1.8715,0.931,0.893,0.4608,0.929,0.905]
[6.5504,0.875,0.881,0.2150,0.875,0.901,-6.4757,0.875,0.899,-0.0000,0.881,0.815,0.0010,0.881,0.845,-4.1292,0.881,0.653,5.4607,0.881,0.672,-2.1396,0.815,0.869,-360.8367,0.869,0.855,2.4704,0.845,0.806,2.7011,0.806,0.791,-8.1718,0.653,0.759,-62.3210,0.759,0.633,5.3022,0.672,0.765,-10.3095,0.765,0.681,-2.4687,0.901,0.942,0.3584,0.899,0.918]
[5.3873,0.914,0.862,0.2233,0.914,0.868,-6.6859,0.914,0.960,0.0002,0.862,0.814,0.0009,0.862,0.824,-4.0447,0.862,0.666,5.5297,0.862,0.692,-2.0442,0.814,0.878,-496.2120,0.878,0.884,2.4214,0.824,0.810,2.4573,0.810,0.796,-8.0505,0.666,0.781,-59.6369,0.781,0.646,5.2061,0.692,0.801,-8.9917,0.801,0.684,-1.9823,0.868,0.939,0.0849,0.960,0.896]
