[-13.7828,0.881,0.846,0.8568,0.881,0.890,-1.7153,0.881,0.870,0.0306,0.846,0.828,0.0602,0.846,0.784,-3.7575,0.846,0.625,4.7573,0.846,0.674,-3.7799,0.828,0.754,-8.1159,0.754,0.813,4.6250,0.784,0.767,7.3013,0.767,0.787,-2.0950,0.625,0.758,-7.6229,0.758,0.706,1.9974,0.674,0.765,6.9401,0.765,0.807,-0.6698,0.890,0.913,0.7699,0.870,0.926]
[-21.3649,0.872,0.830,0.8327,0.872,0.886,-1.0004,0.872,0.862,0.0613,0.830,0.809,0.0606,0.830,0.783,-3.7224,0.830,0.628,4.6542,0.830,0.670,-3.7151,0.809,0.758,-8.1081,0.758,0.820,4.5347,0.783,0.790,7.1663,0.790,0.781,-2.0323,0.628,0.768,-7.6058,0.768,0.709,1.9714,0.670,0.774,8.4824,0.774,0.787,-0.6685,0.886,0.885,0.5046,0.862,0.910]
[-21.3795,0.863,0.828,0.6708,0.863,0.888,-0.8058,0.863,0.870,0.0319,0.828,0.803,0.0921,0.828,0.791,-3.6797,0.828,0.631,4.8920,0.828,0.649,-3.7113,0.803,0.771,-8.1252,0.771,0.827,4.0940,0.791,0.798,7.1525,0.798,0.788,-2.0338,0.631,0.751,-7.1147,0.751,0.691,1.9437,0.649,0.770,8.3648,0.770,0.777,-0.6661,0.888,0.875,0.4996,0.870,0.892]
[-21.9359,0.849,0.829,0.6679,0.849,0.895,-0.7988,0.849,0.887,0.0617,0.829,0.791,0.0321,0.829,0.803,-3.5094,0.829,0.613,4.6512,0.829,0.646,-3.4672,0.791,0.759,-7.9775,0.759,0.811,4.0961,0.803,0.796,7.2469,0.796,0.774,-2.0601,0.613,0.776,-7.7660,0.776,0.706,1.9967,0.646,0.775,8.1406,0.775,0.790,-0.6664,0.895,0.860,0.4461,0.887,0.871]
[-14.7184,0.840,0.837,0.5776,0.840,0.911,-0.9869,0.840,0.896,0.0615,0.837,0.788,0.0313,0.837,0.819,-3.6411,0.837,0.619,4.6021,0.837,0.650,-3.3403,0.788,0.779,-8.1378,0.779,0.820,4.0860,0.819,0.801,7.2669,0.801,0.779,-1.9733,0.619,0.781,-8.5573,0.781,0.705,1.9374,0.650,0.761,8.3221,0.761,0.786,-0.6260,0.911,0.863,0.4474,0.896,0.852]
[-21.2844,0.837,0.844,0.6769,0.837,0.930,-0.8081,0.837,0.918,0.0315,0.844,0.788,0.0323,0.844,0.826,-3.6441,0.844,0.619,4.5533,0.844,0.658,-3.1303,0.788,0.780,-9.5698,0.780,0.835,3.7843,0.826,0.790,7.5559,0.790,0.785,-1.9415,0.619,0.790,-8.9830,0.790,0.691,1.9359,0.658,0.761,8.3457,0.761,0.766,-0.6711,0.930,0.867,0.5610,0.918,0.853]
[-21.2169,0.839,0.857,0.8378,0.839,0.939,-1.0063,0.839,0.926,0.0295,0.857,0.805,0.0025,0.857,0.824,-3.6430,0.857,0.613,4.5468,0.857,0.657,-3.3284,0.805,0.762,-9.5171,0.762,0.806,3.8569,0.824,0.785,7.4274,0.785,0.791,-1.8831,0.613,0.805,-8.9874,0.805,0.715,1.8857,0.657,0.760,9.4603,0.760,0.768,-0.7731,0.939,0.875,0.6693,0.926,0.868]
[-14.2196,0.842,0.874,0.9999,0.842,0.952,-1.1952,0.842,0.939,0.0015,0.874,0.836,0.0309,0.874,0.826,-3.7849,0.874,0.603,4.3909,0.874,0.643,-3.0656,0.836,0.784,-7.9833,0.784,0.786,3.8577,0.826,0.766,7.2859,0.766,0.784,-1.8832,0.603,0.809,-10.2981,0.809,0.709,1.7988,0.643,0.755,9.8292,0.755,0.758,-0.7760,0.952,0.894,0.7783,0.939,0.906]
[-14.1840,0.852,0.882,1.0069,0.852,0.929,-1.2045,0.852,0.936,0.0303,0.882,0.827,0.0020,0.882,0.817,-3.7093,0.882,0.600,4.5082,0.882,0.634,-2.8851,0.827,0.800,-7.9726,0.800,0.783,3.6610,0.817,0.770,7.2669,0.770,0.796,-1.8813,0.600,0.818,-10.3163,0.818,0.680,1.7566,0.634,0.746,11.2217,0.746,0.757,-0.6991,0.929,0.906,0.7779,0.936,0.924]
[-13.8806,0.863,0.892,1.1594,0.863,0.930,-1.3860,0.863,0.930,0.0307,0.892,0.833,0.0314,0.892,0.810,-3.7493,0.892,0.595,4.5620,0.892,0.635,-2.9428,0.833,0.767,-6.1148,0.767,0.794,3.5859,0.810,0.784,7.0959,0.784,0.820,-1.8521,0.595,0.812,-12.3592,0.812,0.651,1.5905,0.635,0.755,19.1721,0.755,0.757,-0.6982,0.930,0.927,0.7785,0.930,0.940]
[-41.9038,0.867,0.879,1.2002,0.867,0.898,-1.0036,0.867,0.906,0.0016,0.879,0.827,0.0318,0.879,0.788,-3.7450,0.879,0.591,4.8412,0.879,0.641,-2.7806,0.827,0.767,-5.8139,0.767,0.794,4.0656,0.788,0.786,6.0455,0.786,0.850,-1.7741,0.591,0.810,-12.3939,0.810,0.661,1.5647,0.641,0.761,18.9928,0.761,0.763,-0.5517,0.898,0.932,0.7727,0.906,0.928]
[-20.9222,0.863,0.857,1.1839,0.863,0.873,-0.9985,0.863,0.880,0.0327,0.857,0.797,0.0620,0.857,0.789,-3.9913,0.857,0.587,4.4332,0.857,0.666,-2.9373,0.797,0.747,-5.2188,0.747,0.817,3.7013,0.789,0.804,6.0027,0.804,0.894,-1.7135,0.587,0.798,-15.0580,0.798,0.664,1.5387,0.666,0.763,27.7087,0.763,0.758,-0.6056,0.873,0.886,0.6663,0.880,0.916]
[-41.2872,0.836,0.831,0.9913,0.836,0.884,-0.7918,0.836,0.901,0.0333,0.831,0.776,0.0643,0.831,0.796,-3.6419,0.831,0.591,4.5479,0.831,0.670,-2.7373,0.776,0.791,-6.0946,0.791,0.813,3.3991,0.796,0.820,6.0003,0.820,0.879,-1.7632,0.591,0.795,-19.7337,0.795,0.636,1.5007,0.670,0.781,28.0813,0.781,0.765,-0.3682,0.884,0.875,0.4508,0.901,0.881]
[-41.8678,0.831,0.841,1.0051,0.831,0.910,-0.9938,0.831,0.928,0.0312,0.841,0.769,0.0308,0.841,0.808,-3.5264,0.841,0.597,4.4490,0.841,0.683,-2.7816,0.769,0.808,-5.3404,0.808,0.822,3.2688,0.808,0.791,5.9783,0.791,0.849,-1.7336,0.597,0.786,-27.8863,0.786,0.683,1.4750,0.683,0.785,28.6248,0.785,0.758,-0.5058,0.910,0.863,0.5611,0.928,0.876]
[-21.2101,0.845,0.870,1.1929,0.845,0.928,-1.0045,0.845,0.937,0.0316,0.870,0.786,0.0018,0.870,0.830,-3.6281,0.870,0.605,4.2026,0.870,0.677,-2.6401,0.786,0.808,-5.8088,0.808,0.844,2.9379,0.830,0.789,5.0175,0.789,0.789,-1.7334,0.605,0.809,-19.9694,0.809,0.637,1.4387,0.677,0.795,3297.8000,0.795,0.775,-0.5477,0.928,0.883,0.7465,0.937,0.891]
[-20.3360,0.877,0.881,1.1669,0.877,0.916,-1.3781,0.877,0.947,0.0007,0.881,0.808,0.0303,0.881,0.824,-3.6618,0.881,0.615,4.4092,0.881,0.661,-2.6295,0.808,0.802,-5.2123,0.802,0.843,2.5824,0.824,0.775,5.5507,0.775,0.809,-1.7037,0.615,0.786,-10.1411,0.786,0.651,1.3805,0.661,0.803,2058.6000,0.803,0.788,-0.5471,0.916,0.930,0.6715,0.947,0.933]
[-42.3082,0.879,0.893,1.2071,0.879,0.888,-0.9983,0.879,0.927,0.0306,0.893,0.824,0.0310,0.893,0.807,-3.6204,0.893,0.625,4.6389,0.893,0.664,-2.6457,0.824,0.769,-4.0114,0.769,0.820,2.4573,0.807,0.760,4.9124,0.760,0.830,-1.6843,0.625,0.764,-15.0133,0.764,0.649,1.3032,0.664,0.811,3295.0000,0.811,0.795,-0.6009,0.888,0.941,0.6077,0.927,0.938]
[-41.6157,0.869,0.877,1.0026,0.869,0.860,-0.8381,0.869,0.899,0.0005,0.877,0.795,0.0012,0.877,0.789,-3.7785,0.877,0.618,4.3572,0.877,0.670,-2.6476,0.795,0.800,-3.4756,0.800,0.812,2.4012,0.789,0.787,5.0908,0.787,0.850,-1.5677,0.618,0.752,-30.5293,0.752,0.611,1.3788,0.670,0.797,58.0511,0.797,0.807,-0.4538,0.860,0.936,0.5552,0.899,0.931]
[-40.4530,0.834,0.851,0.8085,0.834,0.870,-0.6734,0.834,0.915,-0.0007,0.851,0.772,0.0010,0.851,0.776,-3.6954,0.851,0.620,4.7202,0.851,0.656,-2.4759,0.772,0.788,-3.9104,0.788,0.802,2.3537,0.776,0.765,4.6484,0.765,0.871,-1.5398,0.620,0.762,-57.1018,0.762,0.649,1.2942,0.656,0.815,5401.8000,0.815,0.796,-0.2769,0.870,0.897,0.3352,0.915,0.910]
[-39.6014,0.865,0.850,1.3850,0.865,0.913,-1.1557,0.865,0.947,-0.0003,0.850,0.790,0.0011,0.850,0.795,-3.6076,0.850,0.617,4.3707,0.850,0.654,-2.1727,0.790,0.791,-4.7885,0.791,0.813,2.2329,0.795,0.847,5.1998,0.847,0.870,-1.5129,0.617,0.770,-29.3385,0.770,0.609,1.2777,0.654,0.843,-16787.8000,0.843,0.785,-0.4574,0.913,0.886,0.5574,0.947,0.874]
[-40.1495,0.895,0.870,1.3892,0.895,0.903,-1.1578,0.895,0.964,0.0001,0.870,0.804,0.0007,0.870,0.817,-3.4184,0.870,0.619,4.3249,0.870,0.648,-2.2313,0.804,0.761,-4.1874,0.761,0.817,2.2858,0.817,0.823,4.6848,0.823,0.856,-1.4729,0.619,0.797,57.8710,0.797,0.651,1.2496,0.648,0.855,9223372036854775808.0000,0.000,0.000,-0.5024,0.903,0.927,0.6689,0.964,0.915]
[-39.2165,0.886,0.893,1.1584,0.886,0.880,-1.1519,0.886,0.940,0.0006,0.893,0.823,0.0309,0.893,0.825,-3.5220,0.893,0.619,4.5565,0.893,0.657,-2.2590,0.823,0.744,-4.4042,0.744,0.845,2.0947,0.825,0.836,4.6795,0.836,0.852,-1.4726,0.619,0.795,9319.6667,0.795,0.672,1.2227,0.657,0.845,-2794.6667,0.845,0.805,-0.6331,0.880,0.941,0.6693,0.940,0.929]
[-39.7762,0.850,0.889,0.8367,0.850,0.852,-0.8315,0.850,0.905,0.0011,0.889,0.827,0.0310,0.889,0.799,-3.6349,0.889,0.631,4.2681,0.889,0.664,-2.2062,0.827,0.796,-4.7821,0.796,0.858,2.2862,0.799,0.807,4.2695,0.807,0.813,-1.3666,0.631,0.811,29.9679,0.811,0.652,1.2500,0.664,0.855,-1677.0900,0.855,0.807,-0.4995,0.852,0.895,0.4484,0.905,0.918]
[-37.3981,0.844,0.858,1.1909,0.844,0.883,-0.8378,0.844,0.937,0.0318,0.858,0.804,0.0622,0.858,0.785,-3.4751,0.858,0.634,4.5021,0.858,0.634,-2.1612,0.804,0.816,-4.6697,0.816,0.849,2.2873,0.785,0.788,4.1836,0.788,0.814,-1.3418,0.634,0.833,30.4693,0.833,0.651,1.2001,0.634,0.851,-58.0654,0.851,0.796,-0.3640,0.883,0.873,0.3401,0.937,0.885]
[-18.9522,0.867,0.841,1.1661,0.867,0.919,-1.3762,0.867,0.951,0.0615,0.841,0.763,0.0637,0.841,0.803,-3.3924,0.841,0.633,4.3892,0.841,0.626,-2.2997,0.763,0.798,-4.3072,0.798,0.826,2.1790,0.803,0.871,4.6783,0.871,0.824,-1.3499,0.633,0.820,19.4059,0.820,0.669,1.1775,0.626,0.851,-57.0187,0.851,0.819,-0.4542,0.919,0.873,0.5551,0.951,0.872]
[-19.4274,0.892,0.852,1.3846,0.892,0.917,-1.3820,0.892,0.949,0.0303,0.852,0.791,0.0319,0.852,0.818,-3.2120,0.852,0.643,4.2807,0.852,0.628,-2.3759,0.791,0.785,-3.9112,0.785,0.825,2.1900,0.818,0.851,4.7612,0.851,0.826,-1.3339,0.643,0.820,19.8738,0.820,0.688,1.1766,0.628,0.858,-56.3082,0.858,0.814,-0.5008,0.917,0.924,0.6660,0.949,0.910]
[-20.1150,0.876,0.877,1.0106,0.876,0.887,-1.0084,0.876,0.926,0.0309,0.877,0.799,0.0310,0.877,0.818,-3.1717,0.877,0.629,4.5822,0.877,0.625,-2.0406,0.799,0.815,-5.2336,0.815,0.835,2.1848,0.818,0.848,4.6972,0.848,0.850,-1.3004,0.629,0.842,14.6815,0.842,0.684,1.1090,0.625,0.853,-56.4928,0.853,0.807,-0.5457,0.887,0.936,0.6666,0.926,0.933]
[-20.3166,0.866,0.892,0.8474,0.866,0.865,-0.8400,0.866,0.890,0.0295,0.892,0.831,0.0021,0.892,0.798,-3.3888,0.892,0.637,4.1127,0.892,0.635,-2.1231,0.831,0.777,-4.8748,0.777,0.854,2.2342,0.798,0.804,4.6585,0.804,0.837,-1.1955,0.637,0.858,19.2869,0.858,0.660,1.1345,0.635,0.858,-55.5380,0.858,0.823,-0.3694,0.865,0.931,0.5541,0.890,0.925]
[-36.2482,0.837,0.882,1.1902,0.837,0.866,-0.8308,0.837,0.911,0.0006,0.882,0.824,0.0589,0.882,0.789,-3.4318,0.882,0.651,4.1544,0.882,0.642,-2.1598,0.824,0.814,-5.1102,0.814,0.854,2.3993,0.789,0.792,4.1684,0.792,0.833,-1.1709,0.651,0.863,19.1594,0.863,0.667,1.0892,0.642,0.844,-28.5809,0.844,0.814,-0.2722,0.866,0.914,0.1906,0.911,0.898]
[-18.6055,0.858,0.861,1.1986,0.858,0.911,-1.1839,0.858,0.951,0.0311,0.861,0.794,0.0932,0.861,0.787,-3.2112,0.861,0.640,4.5299,0.861,0.647,-2.2046,0.794,0.776,-4.1259,0.776,0.835,2.2392,0.787,0.784,3.9994,0.784,0.835,-1.2000,0.640,0.869,18.8671,0.869,0.682,1.0422,0.647,0.851,-28.1543,0.851,0.804,-0.1732,0.911,0.874,0.5038,0.951,0.864]
[5.7664,0.857,0.872,0.1267,0.857,0.939,-1.6088,0.857,0.869,0.0308,0.872,0.817,0.0312,0.872,0.817,-3.9916,0.872,0.592,6.0104,0.872,0.656,-3.0750,0.817,0.859,-13.1672,0.859,0.767,5.0055,0.817,0.769,27.3222,0.769,0.782,-8.0996,0.592,0.803,-20.4362,0.803,0.668,5.6937,0.656,0.750,-10.4028,0.750,0.773,-3.9227,0.939,0.841,0.4919,0.869,0.949]
[6.3839,0.830,0.896,0.2256,0.830,0.871,-1.4021,0.830,0.871,0.0306,0.896,0.848,0.0311,0.896,0.808,-3.9931,0.896,0.590,6.0707,0.896,0.638,-3.0697,0.848,0.853,-10.9961,0.853,0.805,4.5899,0.808,0.773,54.9891,0.773,0.817,-7.3149,0.590,0.782,-29.4342,0.782,0.668,5.1549,0.638,0.755,-8.8182,0.755,0.778,-6.6896,0.871,0.901,0.3007,0.871,1.006]
[5.9969,0.881,0.886,0.3702,0.881,0.840,-1.5944,0.881,0.922,0.0026,0.886,0.849,0.1193,0.886,0.774,-3.9912,0.886,0.591,6.0674,0.886,0.640,-3.1923,0.849,0.845,-8.8968,0.845,0.828,4.4332,0.774,0.772,53.7301,0.772,0.812,-7.3031,0.591,0.770,-29.0173,0.770,0.704,5.4217,0.640,0.772,-8.3442,0.772,0.779,-3.9890,0.840,0.933,0.1998,0.922,0.983]
[6.2991,0.922,0.850,0.1242,0.922,0.883,-1.6029,0.922,0.951,0.0893,0.850,0.831,0.0912,0.850,0.795,-3.8437,0.850,0.589,6.0644,0.850,0.627,-3.5759,0.831,0.848,-7.2309,0.848,0.820,4.8177,0.795,0.746,26.7156,0.746,0.807,-7.1858,0.589,0.742,-56.1731,0.742,0.677,4.9508,0.627,0.800,-7.2455,0.800,0.779,-3.3213,0.883,0.918,0.2014,0.951,0.959]
[6.5774,0.898,0.866,0.1238,0.898,0.933,-1.5970,0.898,0.922,0.0898,0.866,0.795,0.0319,0.866,0.824,-3.8434,0.866,0.619,6.0726,0.866,0.662,-3.2489,0.795,0.864,-8.5969,0.864,0.799,4.9901,0.824,0.752,25.4451,0.752,0.799,-7.1796,0.619,0.772,-18771.0000,0.772,0.719,4.8089,0.662,0.812,-6.3727,0.812,0.753,-3.6292,0.933,0.875,0.4950,0.922,0.926]
[6.5636,0.837,0.887,0.1295,0.837,0.909,-1.4004,0.837,0.891,0.0318,0.887,0.812,0.0315,0.887,0.825,-3.8049,0.887,0.630,6.0161,0.887,0.663,-2.9494,0.812,0.866,-7.7600,0.866,0.830,4.5761,0.825,0.774,26.4908,0.774,0.803,-5.9833,0.630,0.743,26.0974,0.743,0.709,4.8640,0.663,0.836,-6.3517,0.836,0.744,-3.0101,0.909,0.838,0.4968,0.891,0.969]
[6.2987,0.826,0.897,0.3710,0.826,0.841,-1.4049,0.826,0.883,0.0303,0.897,0.843,0.0327,0.897,0.805,-3.8011,0.897,0.606,6.3892,0.897,0.654,-3.1745,0.843,0.813,-7.7545,0.813,0.857,4.2473,0.805,0.778,27.5847,0.778,0.825,-5.2286,0.606,0.763,13.4064,0.763,0.678,4.5134,0.654,0.829,-6.2384,0.829,0.744,-4.6225,0.841,0.911,0.2052,0.883,0.974]
[6.0246,0.905,0.882,0.3651,0.905,0.850,-1.6022,0.905,0.932,0.0308,0.882,0.850,0.0911,0.882,0.778,-3.7597,0.882,0.610,6.3943,0.882,0.639,-3.1749,0.850,0.818,-7.5804,0.818,0.848,4.8114,0.778,0.764,18.4182,0.764,0.828,-5.2224,0.610,0.776,13.7596,0.776,0.673,4.5636,0.639,0.809,-5.9945,0.809,0.739,-2.7603,0.850,0.915,0.1086,0.932,0.955]
[6.4794,0.917,0.851,0.0112,0.917,0.914,-1.4245,0.917,0.948,0.0901,0.851,0.821,0.0927,0.851,0.804,-3.7189,0.851,0.610,6.3228,0.851,0.637,-3.3544,0.821,0.839,-6.3345,0.839,0.835,4.2693,0.804,0.746,18.1858,0.746,0.828,-4.7647,0.610,0.779,11.1212,0.779,0.728,4.4315,0.637,0.825,-6.7021,0.825,0.776,-2.2552,0.914,0.897,0.2032,0.948,0.933]
[6.4515,0.846,0.867,0.1296,0.846,0.923,-1.5976,0.846,0.899,0.0602,0.867,0.801,0.0318,0.867,0.819,-3.6819,0.867,0.638,6.3293,0.867,0.653,-2.9908,0.801,0.839,-7.6079,0.839,0.826,4.8014,0.819,0.743,18.1254,0.743,0.815,-4.6857,0.638,0.772,11.1047,0.772,0.727,4.3659,0.653,0.818,-5.8729,0.818,0.753,-1.8218,0.923,0.845,0.4973,0.899,0.939]
[6.3276,0.813,0.894,0.3698,0.813,0.884,-1.4026,0.813,0.874,0.0304,0.894,0.829,0.0320,0.894,0.823,-3.7589,0.894,0.615,6.3870,0.894,0.655,-2.9332,0.829,0.826,-7.7304,0.826,0.826,4.1589,0.823,0.752,26.2663,0.752,0.806,-4.7571,0.615,0.774,8.2582,0.774,0.726,4.2398,0.655,0.819,-5.8602,0.819,0.758,-3.2504,0.884,0.836,0.3017,0.874,0.982]
[6.1719,0.854,0.895,0.3746,0.854,0.843,-1.4116,0.854,0.892,0.0302,0.895,0.850,0.0324,0.895,0.802,-3.5827,0.895,0.610,6.6956,0.895,0.644,-2.8749,0.850,0.812,-6.8868,0.812,0.828,4.2404,0.802,0.765,27.5122,0.765,0.835,-5.1441,0.610,0.795,9.5978,0.795,0.717,3.8996,0.644,0.832,-5.2011,0.832,0.738,-3.0152,0.843,0.881,0.1994,0.892,0.965]
[5.8889,0.943,0.893,0.2221,0.943,0.894,-1.6053,0.943,0.937,0.0022,0.893,0.843,0.0890,0.893,0.778,-3.7539,0.893,0.630,6.7747,0.893,0.645,-2.7759,0.843,0.788,-7.5552,0.788,0.843,4.0069,0.778,0.787,52.0328,0.787,0.833,-4.6865,0.630,0.788,10.0014,0.788,0.729,4.0464,0.645,0.834,-5.6238,0.834,0.747,-2.4584,0.894,0.877,0.1055,0.937,0.950]
[6.1765,0.932,0.855,0.0114,0.932,0.925,-1.4253,0.932,0.939,0.0600,0.855,0.833,0.1201,0.855,0.788,-3.5814,0.855,0.643,6.6940,0.855,0.672,-2.7368,0.833,0.770,-8.4347,0.770,0.844,4.2374,0.788,0.747,25.4147,0.747,0.847,-4.9309,0.643,0.783,10.0377,0.783,0.745,3.9912,0.672,0.837,-5.7284,0.837,0.746,-1.5205,0.925,0.904,0.2041,0.939,0.934]
[5.6873,0.884,0.870,0.2439,0.884,0.945,-1.3563,0.884,0.895,0.1200,0.870,0.796,0.0327,0.870,0.820,-3.4251,0.870,0.614,6.4276,0.870,0.653,-2.7871,0.796,0.809,-8.1078,0.809,0.832,3.7571,0.820,0.804,48.4168,0.804,0.825,-5.0706,0.614,0.804,9.5248,0.804,0.758,3.9252,0.653,0.820,-5.7323,0.820,0.744,-1.7702,0.945,0.868,0.3304,0.895,0.909]
[5.5470,0.849,0.894,0.3707,0.849,0.930,-1.3513,0.849,0.866,0.0306,0.894,0.812,0.0308,0.894,0.811,-3.4235,0.894,0.623,6.4302,0.894,0.648,-2.6294,0.812,0.814,-7.1297,0.814,0.789,3.9343,0.811,0.799,50.0393,0.799,0.820,-4.9918,0.623,0.797,8.0033,0.797,0.735,3.7811,0.648,0.838,-4.6499,0.838,0.721,-1.9787,0.930,0.827,0.3975,0.866,0.965]
[6.0073,0.896,0.889,0.3331,0.896,0.868,-1.6038,0.896,0.905,0.0298,0.889,0.834,0.0305,0.889,0.785,-3.3857,0.889,0.641,6.2870,0.889,0.654,-2.4960,0.834,0.811,-6.5179,0.811,0.776,3.9445,0.785,0.793,26.4702,0.793,0.827,-4.6163,0.641,0.791,6.7883,0.791,0.760,3.8326,0.654,0.839,-4.5597,0.839,0.752,-2.3909,0.868,0.905,0.1963,0.905,0.985]
[5.9968,0.930,0.862,0.1116,0.930,0.906,-1.6086,0.930,0.929,0.0306,0.862,0.841,0.1197,0.862,0.770,-3.2966,0.862,0.611,6.5110,0.862,0.653,-2.4968,0.841,0.790,-6.6145,0.790,0.804,3.8595,0.770,0.795,25.8659,0.795,0.839,-4.9220,0.611,0.813,6.7284,0.813,0.791,3.3885,0.653,0.829,-5.3840,0.829,0.746,-3.2833,0.906,0.887,0.2021,0.929,0.945]
[5.5254,0.872,0.859,0.0131,0.872,0.937,-1.1894,0.872,0.892,0.0928,0.859,0.820,0.0900,0.859,0.796,-3.3424,0.859,0.609,6.4410,0.859,0.665,-2.5260,0.820,0.800,-7.0203,0.800,0.814,3.7516,0.796,0.839,24.8159,0.839,0.812,-4.5376,0.609,0.829,6.7052,0.829,0.795,3.5453,0.665,0.839,-4.5304,0.839,0.734,-2.9449,0.937,0.878,0.4964,0.892,0.969]
[6.2920,0.822,0.883,0.3323,0.822,0.896,-1.4104,0.822,0.872,0.0606,0.883,0.802,0.0311,0.883,0.803,-3.3456,0.883,0.631,6.2877,0.883,0.703,-2.5059,0.802,0.826,-6.2296,0.826,0.802,3.6647,0.803,0.839,17.7597,0.839,0.808,-4.3457,0.631,0.835,6.7280,0.835,0.783,3.3117,0.703,0.803,-4.5349,0.803,0.779,-2.3677,0.896,0.843,0.3004,0.872,0.981]
[5.8509,0.919,0.899,0.2190,0.919,0.873,-1.6107,0.919,0.921,0.0301,0.899,0.843,0.0312,0.899,0.781,-3.3434,0.899,0.620,5.8868,0.899,0.683,-2.5810,0.843,0.824,-5.1023,0.824,0.775,3.6729,0.781,0.841,10.4244,0.841,0.795,-4.3419,0.620,0.842,6.5792,0.842,0.778,3.2573,0.683,0.801,-4.1563,0.801,0.759,-2.4670,0.873,0.911,0.1017,0.921,0.977]
[6.0223,0.880,0.871,0.1270,0.880,0.921,-1.6027,0.880,0.925,0.0591,0.871,0.836,0.0915,0.871,0.773,-3.3078,0.871,0.635,6.1421,0.871,0.685,-2.6784,0.836,0.785,-5.0911,0.785,0.792,3.4604,0.773,0.811,9.2128,0.811,0.834,-4.2724,0.635,0.814,5.7664,0.814,0.800,3.0974,0.685,0.790,-4.1648,0.790,0.769,-2.2447,0.921,0.870,0.2969,0.925,0.918]
[6.1529,0.828,0.860,0.2484,0.828,0.908,-1.3507,0.828,0.892,0.0928,0.860,0.792,0.0610,0.860,0.796,-3.1892,0.860,0.629,6.0073,0.860,0.672,-2.6895,0.792,0.801,-4.1715,0.801,0.798,3.4460,0.796,0.788,8.3790,0.788,0.862,-4.2848,0.629,0.828,5.6610,0.828,0.799,3.0488,0.672,0.789,-3.7764,0.789,0.738,-2.4940,0.908,0.826,0.4406,0.892,0.946]
[6.0267,0.840,0.878,0.3738,0.840,0.829,-1.4183,0.840,0.900,0.0306,0.878,0.817,0.0310,0.878,0.811,-3.0020,0.878,0.618,5.8697,0.878,0.668,-2.4536,0.817,0.806,-4.7088,0.806,0.778,3.4612,0.811,0.793,7.4826,0.793,0.837,-4.9162,0.618,0.825,6.1351,0.825,0.787,2.9969,0.668,0.782,-4.6083,0.782,0.794,-2.7441,0.829,0.842,0.1039,0.900,0.966]
[5.7615,0.906,0.895,0.2471,0.906,0.856,-1.6111,0.906,0.929,0.0011,0.895,0.832,0.0304,0.895,0.806,-3.0382,0.895,0.622,6.0677,0.895,0.664,-2.3340,0.832,0.811,-5.5492,0.811,0.815,3.4348,0.806,0.815,8.8484,0.815,0.815,-4.8348,0.622,0.826,6.5755,0.826,0.783,2.8497,0.664,0.779,-4.2451,0.779,0.779,-2.4974,0.856,0.885,0.1005,0.929,0.990]
[6.8719,0.922,0.894,0.2223,0.922,0.882,-1.6182,0.922,0.965,0.0294,0.894,0.843,0.0601,0.894,0.781,-2.9659,0.894,0.623,6.2963,0.894,0.655,-2.3779,0.843,0.798,-5.2245,0.798,0.809,3.3787,0.781,0.810,9.2108,0.810,0.853,-4.8374,0.623,0.825,6.7117,0.825,0.791,2.7160,0.655,0.771,-4.3403,0.771,0.797,-1.6571,0.882,0.901,0.1126,0.965,0.962]
[5.8958,0.909,0.896,0.1265,0.909,0.914,-1.6105,0.909,0.937,0.0305,0.896,0.849,0.0911,0.896,0.772,-2.8603,0.896,0.623,6.8964,0.896,0.648,-2.6241,0.849,0.778,-4.6519,0.778,0.782,3.3171,0.772,0.805,8.8132,0.805,0.862,-5.2339,0.623,0.825,6.5716,0.825,0.813,2.3677,0.648,0.814,-4.5899,0.814,0.776,-2.2333,0.914,0.900,0.0999,0.937,0.950]
[6.0243,0.866,0.871,0.1266,0.866,0.913,-1.4138,0.866,0.911,0.0312,0.871,0.833,0.1200,0.871,0.791,-2.7600,0.871,0.618,6.8253,0.871,0.648,-2.2723,0.833,0.807,-6.3626,0.807,0.820,3.1884,0.791,0.793,9.0432,0.793,0.853,-5.6319,0.618,0.818,6.7552,0.818,0.806,2.2622,0.648,0.811,-4.2293,0.811,0.773,-2.4934,0.913,0.865,0.4001,0.911,0.953]
[6.0000,0.843,0.867,0.1303,0.843,0.908,-1.1836,0.843,0.892,0.0921,0.867,0.835,0.1203,0.867,0.794,-2.7842,0.867,0.617,6.7641,0.867,0.650,-2.3186,0.835,0.780,-5.7618,0.780,0.822,3.3336,0.794,0.809,9.2184,0.809,0.861,-5.2581,0.617,0.824,6.4692,0.824,0.798,2.4717,0.650,0.813,-4.9837,0.813,0.796,-3.2848,0.908,0.848,0.4418,0.892,0.968]
[5.8668,0.825,0.867,0.3709,0.825,0.910,-1.3975,0.825,0.875,0.0938,0.867,0.828,0.0913,0.867,0.815,-2.7153,0.867,0.634,7.7864,0.867,0.661,-2.3210,0.828,0.797,-5.6645,0.797,0.809,3.5274,0.815,0.805,10.4119,0.805,0.843,-5.1815,0.634,0.819,7.8602,0.819,0.780,2.3479,0.661,0.834,-5.0004,0.834,0.786,-2.4918,0.910,0.851,0.2968,0.875,0.995]
