[5077.2273,0.915,0.898,0.5752,0.915,0.921,-0.5071,0.915,0.898,-0.0015,0.898,0.856,0.0006,0.898,0.834,-2.8253,0.898,0.726,3.8392,0.898,0.708,-2.0437,0.856,0.835,-2.7886,0.835,0.755,2.0857,0.834,0.857,2.5640,0.857,0.828,-0.9509,0.726,0.868,30.7992,0.868,0.731,0.8501,0.708,0.856,1552.0273,0.856,0.768,-0.5016,0.921,0.903,0.5003,0.898,0.950]
[38.8557,0.955,0.863,0.9951,0.955,0.939,-0.8753,0.955,0.925,-0.0605,0.863,0.834,0.0002,0.863,0.795,-2.7980,0.863,0.715,4.1854,0.863,0.706,-2.1290,0.834,0.829,-2.5072,0.829,0.830,2.1330,0.795,0.807,2.6269,0.807,0.840,-0.9985,0.715,0.873,60.7736,0.873,0.727,0.8714,0.706,0.881,2397.6286,0.881,0.779,-0.7502,0.939,0.952,0.8628,0.925,1.017]
[37.5847,0.936,0.878,0.8663,0.936,0.990,-0.8599,0.936,0.936,-0.0006,0.878,0.823,0.0006,0.878,0.810,-2.8396,0.878,0.721,4.3050,0.878,0.718,-2.2171,0.823,0.782,-2.5606,0.782,0.833,2.1785,0.810,0.797,2.8537,0.797,0.813,-1.0246,0.721,0.874,61.5707,0.874,0.735,0.8519,0.718,0.864,1138.0267,0.864,0.779,-0.7536,0.990,0.943,0.7745,0.936,0.997]
[906.5641,0.895,0.905,0.7209,0.895,0.983,-0.7145,0.895,0.924,-0.0005,0.905,0.856,0.0002,0.905,0.842,-2.8355,0.905,0.720,4.3732,0.905,0.700,-2.2695,0.856,0.764,-2.4771,0.764,0.836,2.0895,0.842,0.825,3.0610,0.825,0.742,-1.1023,0.720,0.872,65.6365,0.872,0.729,0.8554,0.700,0.881,2479.4571,0.881,0.778,-0.6305,0.983,0.905,0.6680,0.924,0.950]
[-2661.3571,0.934,0.890,0.7139,0.934,0.929,-0.7129,0.934,0.883,-0.0016,0.890,0.866,0.0002,0.890,0.834,-2.8751,0.890,0.703,4.1173,0.890,0.697,-2.1349,0.866,0.803,-2.7284,0.803,0.807,2.1322,0.834,0.835,3.3284,0.835,0.754,-1.1770,0.703,0.846,2148.7647,0.846,0.735,0.9597,0.697,0.895,1218.9857,0.895,0.794,-0.6236,0.929,0.913,0.4512,0.883,0.986]
[-6806.1875,0.949,0.851,0.9958,0.949,0.970,-0.8624,0.949,0.914,-0.0623,0.851,0.841,-0.0313,0.851,0.800,-3.0019,0.851,0.708,4.0641,0.851,0.704,-2.1318,0.841,0.833,-2.9249,0.833,0.817,2.2326,0.800,0.775,3.5005,0.775,0.774,-1.1786,0.708,0.863,46385.5000,0.863,0.745,0.9992,0.704,0.862,56.9143,0.862,0.794,-0.8659,0.970,0.974,0.6722,0.914,1.034]
[1067.8824,0.892,0.871,0.8558,0.892,0.995,-0.8544,0.892,0.933,-0.0012,0.871,0.812,0.0004,0.871,0.814,-3.0863,0.871,0.708,4.1846,0.871,0.700,-2.2135,0.812,0.795,-3.0115,0.795,0.816,2.4934,0.814,0.769,3.2982,0.769,0.787,-1.2052,0.708,0.878,-7607.2500,0.878,0.730,0.9799,0.700,0.875,897.7000,0.875,0.769,-0.8702,0.995,0.920,0.7744,0.933,0.945]
[4097.7857,0.925,0.909,0.7145,0.925,0.924,-0.5718,0.925,0.893,-0.0007,0.909,0.846,-0.0002,0.909,0.848,-3.0910,0.909,0.712,4.1790,0.909,0.707,-2.2155,0.846,0.790,-3.3114,0.790,0.788,2.1902,0.848,0.803,3.7377,0.803,0.785,-1.2619,0.712,0.869,-64.1135,0.869,0.725,1.0636,0.707,0.865,61.1228,0.865,0.783,-0.5597,0.924,0.905,0.5536,0.893,0.936]
[4589.9600,0.946,0.889,0.8635,0.946,0.951,-0.8621,0.946,0.916,-0.0304,0.889,0.862,0.0292,0.889,0.825,-3.1757,0.889,0.691,4.2304,0.889,0.686,-2.1330,0.862,0.792,-3.4887,0.792,0.774,2.4062,0.825,0.794,3.1493,0.794,0.832,-1.3225,0.691,0.837,-30.3083,0.837,0.727,1.0897,0.686,0.830,30.7180,0.830,0.779,-0.8685,0.951,0.945,0.6710,0.916,1.012]
[37.9976,0.921,0.859,0.9932,0.921,1.006,-0.9939,0.921,0.940,0.0001,0.859,0.814,0.0636,0.859,0.794,-3.0899,0.859,0.683,4.6688,0.859,0.676,-2.2614,0.814,0.781,-3.2407,0.781,0.792,2.5307,0.794,0.775,2.9979,0.775,0.828,-1.3775,0.683,0.826,-30.8401,0.826,0.709,1.1151,0.676,0.809,20.1200,0.809,0.773,-0.7767,1.006,0.895,0.6662,0.940,0.931]
[38.3255,0.888,0.889,0.7151,0.888,0.962,-0.7115,0.888,0.905,0.0007,0.889,0.828,0.0320,0.889,0.799,-3.1326,0.889,0.651,4.7248,0.889,0.662,-2.2118,0.828,0.791,-4.1797,0.791,0.833,2.5842,0.799,0.782,3.1439,0.782,0.836,-1.4037,0.651,0.838,-31.7356,0.838,0.714,1.1600,0.662,0.809,15.6229,0.809,0.796,-0.5585,0.962,0.892,0.4447,0.905,0.923]
[1211.9381,0.928,0.912,0.7181,0.928,0.920,-0.7213,0.928,0.879,0.0003,0.912,0.863,0.0010,0.912,0.835,-3.3019,0.912,0.652,4.2809,0.912,0.652,-2.3039,0.863,0.782,-4.2884,0.782,0.855,2.7753,0.835,0.801,3.1478,0.801,0.857,-1.4849,0.652,0.859,-15.9536,0.859,0.675,1.2434,0.652,0.789,12.2275,0.789,0.770,-0.6712,0.920,0.902,0.5577,0.879,0.991]
[1530.7600,0.937,0.896,0.9938,0.937,0.948,-0.9965,0.937,0.898,-0.0006,0.896,0.857,0.0010,0.896,0.844,-3.2621,0.896,0.653,4.4107,0.896,0.658,-2.2215,0.857,0.764,-4.4712,0.764,0.823,2.7225,0.844,0.823,3.3627,0.823,0.865,-1.5420,0.653,0.847,-16.0099,0.847,0.678,1.2867,0.658,0.765,12.4483,0.765,0.793,-0.7765,0.948,0.951,0.6670,0.898,1.007]
[620.4919,0.894,0.866,0.7664,0.894,0.993,-0.9978,0.894,0.905,-0.0307,0.866,0.827,0.0302,0.866,0.818,-3.3080,0.866,0.637,4.2208,0.866,0.660,-2.2199,0.827,0.789,-4.4896,0.789,0.834,2.8800,0.818,0.841,3.3856,0.841,0.759,-1.5712,0.637,0.811,-16.3593,0.811,0.682,1.3749,0.660,0.793,10.5916,0.793,0.796,-0.7556,0.993,0.951,0.6084,0.905,0.950]
[40.6765,0.861,0.857,0.7153,0.861,0.963,-0.5824,0.861,0.895,-0.0312,0.857,0.791,0.0311,0.857,0.786,-3.3935,0.857,0.633,4.3300,0.857,0.648,-2.2639,0.791,0.815,-4.4988,0.815,0.818,2.9375,0.786,0.821,3.5060,0.821,0.788,-1.6004,0.633,0.791,-15.9740,0.791,0.698,1.3754,0.648,0.795,10.7094,0.795,0.786,-0.6225,0.963,0.895,0.4485,0.895,0.904]
[2563.6596,0.913,0.890,0.6391,0.913,0.924,-0.8315,0.913,0.852,-0.0008,0.890,0.808,0.0006,0.890,0.810,-3.4466,0.890,0.641,4.3832,0.890,0.678,-2.3506,0.808,0.811,-4.5382,0.811,0.892,2.8229,0.810,0.828,4.1687,0.828,0.817,-1.6444,0.641,0.819,-12.8611,0.819,0.681,1.4006,0.678,0.796,10.4386,0.796,0.797,-0.6255,0.924,0.936,0.5045,0.852,0.965]
[787.6863,0.904,0.916,0.7634,0.904,0.938,-1.3782,0.904,0.880,-0.0009,0.916,0.842,-0.0002,0.916,0.842,-3.4404,0.916,0.647,4.3836,0.916,0.666,-2.3042,0.842,0.794,-4.7371,0.794,0.897,2.9902,0.842,0.839,4.6939,0.839,0.838,-1.7047,0.647,0.818,-12.8296,0.818,0.654,1.4853,0.666,0.796,9.0269,0.796,0.790,-0.8676,0.938,0.954,0.6930,0.880,0.981]
[41.1629,0.866,0.877,0.8610,0.866,0.992,-1.0036,0.866,0.900,-0.0303,0.877,0.831,0.0002,0.877,0.815,-3.5268,0.877,0.643,4.2608,0.877,0.654,-2.1785,0.831,0.805,-5.0758,0.805,0.884,3.1136,0.815,0.852,4.6991,0.852,0.809,-1.7556,0.643,0.831,-10.7985,0.831,0.655,1.5253,0.654,0.808,8.9994,0.808,0.780,-0.8686,0.992,0.934,0.5012,0.900,0.893]
[41.1895,0.873,0.854,0.4396,0.873,0.955,-0.6060,0.873,0.881,-0.0312,0.854,0.799,0.0313,0.854,0.778,-3.6582,0.854,0.637,4.4162,0.854,0.646,-2.4046,0.799,0.812,-4.6051,0.812,0.849,3.0021,0.778,0.822,4.5031,0.822,0.816,-1.7876,0.637,0.829,-10.5518,0.829,0.686,1.5518,0.646,0.823,8.9893,0.823,0.785,-0.7521,0.955,0.893,0.3692,0.881,0.887]
[41.1652,0.911,0.899,0.9893,0.911,0.918,-1.0027,0.911,0.853,0.0001,0.899,0.841,0.0306,0.899,0.808,-3.6171,0.899,0.615,4.6511,0.899,0.634,-2.4459,0.841,0.811,-4.6205,0.811,0.852,3.0062,0.808,0.804,4.8513,0.804,0.866,-1.8766,0.615,0.833,-10.5121,0.833,0.692,1.5417,0.634,0.809,9.0992,0.809,0.771,-0.9876,0.918,0.906,0.6017,0.853,0.950]
[42.2943,0.858,0.908,0.8609,0.858,0.958,-1.2043,0.858,0.899,-0.0004,0.908,0.851,0.0001,0.908,0.827,-3.7430,0.908,0.624,4.4586,0.908,0.629,-2.4115,0.851,0.776,-4.5063,0.776,0.856,3.0579,0.827,0.834,4.6923,0.834,0.864,-1.8213,0.624,0.836,-10.5898,0.836,0.700,1.6225,0.629,0.785,8.1016,0.785,0.773,-0.8826,0.958,0.957,0.7014,0.899,0.933]
[3084.5122,0.835,0.849,0.5794,0.835,0.949,-0.8069,0.835,0.895,-0.0011,0.849,0.815,0.0004,0.849,0.787,-3.8645,0.849,0.623,4.1507,0.849,0.627,-2.3524,0.815,0.798,-4.8828,0.798,0.860,2.9387,0.787,0.845,4.5805,0.845,0.837,-1.9061,0.623,0.828,-8.3027,0.828,0.682,1.7043,0.627,0.751,8.0458,0.751,0.776,-0.7896,0.949,0.913,0.6060,0.895,0.885]
[3167.7949,0.895,0.845,0.7118,0.895,0.907,-0.9982,0.895,0.847,-0.0006,0.845,0.807,0.0311,0.845,0.770,-3.9073,0.845,0.632,4.3031,0.845,0.647,-2.4572,0.807,0.807,-5.1952,0.807,0.876,3.1783,0.770,0.828,4.6823,0.828,0.821,-1.9993,0.632,0.834,-7.9085,0.834,0.743,1.7995,0.647,0.750,6.5984,0.750,0.780,-1.0037,0.907,0.867,0.6989,0.847,0.880]
[1751.9275,0.860,0.885,0.9863,0.860,0.938,-1.3898,0.860,0.891,-0.0003,0.885,0.849,0.0007,0.885,0.792,-3.9943,0.885,0.637,4.4027,0.885,0.652,-2.5051,0.849,0.812,-5.0763,0.812,0.843,3.2383,0.792,0.813,4.7796,0.813,0.815,-2.0027,0.637,0.808,-8.1530,0.808,0.712,1.8521,0.652,0.717,6.0108,0.717,0.766,-0.8944,0.938,0.903,0.7981,0.891,0.922]
[2878.0233,0.842,0.886,0.8544,0.842,0.971,-1.1920,0.842,0.900,-0.0304,0.886,0.847,-0.0006,0.886,0.819,-3.8744,0.886,0.635,4.6251,0.886,0.664,-2.4188,0.847,0.797,-4.8701,0.797,0.862,2.9382,0.819,0.843,4.6859,0.843,0.870,-2.1310,0.635,0.790,-7.1595,0.790,0.727,1.8578,0.664,0.731,5.8376,0.731,0.768,-0.8941,0.971,0.923,0.6992,0.900,0.892]
[-4413.7667,0.878,0.839,0.7088,0.878,0.923,-0.7997,0.878,0.851,-0.0012,0.839,0.804,0.0002,0.839,0.789,-3.8809,0.839,0.638,4.6209,0.839,0.642,-2.5496,0.804,0.793,-4.6004,0.793,0.894,2.7872,0.789,0.877,5.1642,0.877,0.860,-2.1646,0.638,0.792,-7.1202,0.792,0.737,1.9707,0.642,0.743,5.1606,0.743,0.757,-0.7770,0.923,0.856,0.4580,0.851,0.885]
[2517.7708,0.871,0.871,0.9898,0.871,0.935,-1.3886,0.871,0.874,-0.0303,0.871,0.831,0.0309,0.871,0.786,-4.2643,0.871,0.628,4.8823,0.871,0.636,-2.4622,0.831,0.823,-5.3000,0.823,0.872,2.9519,0.786,0.823,4.7794,0.823,0.824,-2.2421,0.628,0.765,-5.9295,0.765,0.689,2.0339,0.636,0.750,4.7901,0.750,0.764,-0.9986,0.935,0.886,0.7946,0.874,0.921]
[896.6454,0.840,0.907,0.8574,0.840,0.979,-1.1974,0.840,0.894,-0.0001,0.907,0.857,0.0002,0.907,0.826,-4.0472,0.907,0.625,4.7880,0.907,0.636,-2.4594,0.857,0.816,-4.8126,0.816,0.847,3.0567,0.826,0.829,4.7780,0.829,0.822,-2.4034,0.625,0.759,-5.0176,0.759,0.706,2.1933,0.636,0.775,4.7165,0.775,0.755,-0.8899,0.979,0.921,0.7007,0.894,0.899]
[883.4733,0.864,0.873,0.5690,0.864,0.920,-0.9799,0.864,0.875,0.0002,0.873,0.834,0.0294,0.873,0.820,-4.2631,0.873,0.628,4.6001,0.873,0.638,-2.3255,0.834,0.812,-5.2964,0.812,0.866,2.8905,0.820,0.855,5.1660,0.855,0.863,-2.4102,0.628,0.765,-4.7292,0.765,0.753,2.3109,0.638,0.761,4.4744,0.761,0.744,-1.0043,0.920,0.899,0.7972,0.875,0.869]
[47.0757,0.872,0.826,0.9805,0.872,0.895,-1.1929,0.872,0.860,-0.0001,0.826,0.787,0.0005,0.826,0.776,-4.0995,0.826,0.641,4.6920,0.826,0.627,-2.4354,0.787,0.837,-5.1904,0.837,0.883,2.7859,0.776,0.861,4.7699,0.861,0.836,-2.6359,0.641,0.791,-4.4131,0.791,0.758,2.3115,0.627,0.753,4.4034,0.753,0.741,-0.8949,0.895,0.865,0.6398,0.860,0.894]
[8.1262,0.914,0.855,0.3281,0.914,0.866,-3.8993,0.914,0.967,0.0292,0.855,0.812,0.0567,0.855,0.777,-3.8581,0.855,0.625,4.7322,0.855,0.662,-2.6887,0.812,0.836,-12.3736,0.836,0.777,3.3000,0.777,0.842,16.7807,0.842,0.826,-4.5090,0.625,0.803,8.6923,0.803,0.788,3.5756,0.662,0.830,-6.7994,0.830,0.780,-1.8218,0.866,0.943,0.2329,0.967,0.906]
[8.5622,0.877,0.848,0.3372,0.877,0.892,-3.4331,0.877,0.911,0.0015,0.848,0.800,0.0287,0.848,0.800,-3.8599,0.848,0.616,4.9937,0.848,0.660,-2.5872,0.800,0.865,-9.9540,0.865,0.777,3.0027,0.800,0.807,46.4521,0.807,0.841,-4.5741,0.616,0.807,8.6930,0.807,0.787,3.4474,0.660,0.824,-6.1315,0.824,0.781,-1.8597,0.892,0.912,0.2315,0.911,0.950]
[7.4985,0.879,0.826,0.1267,0.879,0.909,-2.3611,0.879,0.898,0.0306,0.826,0.773,0.0295,0.826,0.813,-3.7378,0.826,0.599,4.8415,0.826,0.655,-2.6896,0.773,0.845,-9.4738,0.845,0.802,2.9501,0.813,0.799,25.0896,0.799,0.835,-4.8457,0.599,0.802,8.8783,0.802,0.784,3.5312,0.655,0.821,-7.1092,0.821,0.765,-1.8701,0.909,0.906,0.3857,0.898,0.941]
[6.4583,0.907,0.807,0.0108,0.907,0.917,-3.4476,0.907,0.926,0.0610,0.807,0.764,0.0594,0.807,0.814,-3.5224,0.807,0.601,5.1772,0.807,0.661,-2.6032,0.764,0.849,-7.9794,0.849,0.830,3.0006,0.814,0.818,24.9453,0.818,0.841,-5.3330,0.601,0.816,8.6874,0.816,0.766,3.5942,0.661,0.795,-7.2517,0.795,0.766,-1.6716,0.917,0.902,0.4275,0.926,0.927]
[7.1866,0.931,0.796,0.1262,0.931,0.903,-2.6742,0.931,0.966,0.0601,0.796,0.769,0.0875,0.796,0.794,-3.9472,0.796,0.606,4.8418,0.796,0.658,-2.7920,0.769,0.843,-8.1336,0.843,0.814,2.8866,0.794,0.824,26.1998,0.824,0.823,-4.7275,0.606,0.803,9.0490,0.803,0.758,3.8857,0.658,0.800,-7.1318,0.800,0.772,-1.3091,0.903,0.942,0.4970,0.966,0.908]
[6.0317,0.911,0.823,0.2466,0.911,0.863,-2.6800,0.911,0.967,0.0315,0.823,0.806,0.0910,0.823,0.764,-3.6681,0.823,0.606,5.4875,0.823,0.653,-2.5507,0.806,0.821,-7.4350,0.821,0.801,2.9361,0.764,0.839,48.7186,0.839,0.827,-5.0114,0.606,0.804,9.5816,0.804,0.742,3.8292,0.653,0.790,-8.3790,0.790,0.770,-1.4402,0.863,0.950,0.3832,0.967,0.886]
[8.2962,0.898,0.847,0.3365,0.898,0.855,-6.3359,0.898,0.969,0.0299,0.847,0.812,0.0870,0.847,0.769,-3.7046,0.847,0.606,5.2353,0.847,0.659,-2.6344,0.812,0.847,-7.4251,0.847,0.801,2.9437,0.769,0.848,48.1913,0.848,0.842,-5.5160,0.606,0.797,9.9389,0.797,0.742,3.8249,0.659,0.800,-8.5078,0.800,0.783,-1.7175,0.855,0.914,0.1593,0.969,0.907]
[7.1881,0.860,0.852,0.6097,0.860,0.883,-3.9796,0.860,0.926,0.0297,0.852,0.808,0.0303,0.852,0.787,-3.8248,0.852,0.610,5.1784,0.852,0.660,-2.5801,0.808,0.867,-7.4551,0.867,0.795,3.0540,0.787,0.852,47.9085,0.852,0.860,-5.2503,0.610,0.791,9.7704,0.791,0.756,3.9460,0.660,0.772,-7.2929,0.772,0.772,-1.8561,0.883,0.908,0.2290,0.926,0.924]
[9.1060,0.848,0.834,0.1176,0.848,0.902,-3.4172,0.848,0.908,0.0311,0.834,0.778,0.0292,0.834,0.795,-4.0405,0.834,0.617,4.6979,0.834,0.661,-2.6348,0.778,0.878,-7.2984,0.878,0.792,2.9535,0.795,0.866,44.5125,0.866,0.849,-5.5031,0.617,0.783,14.9050,0.783,0.747,4.1222,0.661,0.779,-8.5365,0.779,0.785,-1.8269,0.902,0.890,0.3868,0.908,0.919]
[9.1637,0.884,0.820,0.1122,0.884,0.895,-2.6482,0.884,0.956,0.0618,0.820,0.779,0.0289,0.820,0.796,-4.0867,0.820,0.622,4.5124,0.820,0.663,-2.8872,0.779,0.871,-7.2012,0.871,0.795,3.0527,0.796,0.825,24.7281,0.825,0.846,-5.9124,0.622,0.795,12.1017,0.795,0.744,4.4650,0.663,0.772,-8.0401,0.772,0.773,-1.9896,0.895,0.906,0.6289,0.956,0.909]
[8.7532,0.891,0.799,0.1120,0.891,0.871,-2.6779,0.891,0.983,0.0624,0.799,0.800,0.0877,0.799,0.774,-4.1765,0.799,0.625,4.8433,0.799,0.667,-2.9932,0.800,0.864,-7.0398,0.864,0.820,2.9027,0.774,0.795,46.3000,0.795,0.853,-5.9249,0.625,0.792,15.5168,0.792,0.747,4.7188,0.667,0.750,-14.7700,0.750,0.773,-1.9955,0.871,0.946,0.4121,0.983,0.869]
[6.1358,0.848,0.825,0.3321,0.848,0.833,-2.3756,0.848,0.956,0.0295,0.825,0.807,0.0911,0.825,0.759,-3.7594,0.825,0.609,5.2269,0.825,0.657,-3.1834,0.807,0.789,-5.3250,0.789,0.834,2.9003,0.759,0.825,49.9775,0.825,0.805,-6.5181,0.609,0.786,15.9590,0.786,0.701,5.4113,0.657,0.782,-20.6858,0.782,0.790,-2.5777,0.833,0.951,0.1870,0.956,0.883]
[8.5855,0.819,0.861,0.3987,0.819,0.847,-3.4487,0.819,0.920,0.0010,0.861,0.832,0.0302,0.861,0.773,-3.9607,0.861,0.634,4.9956,0.861,0.657,-2.9973,0.832,0.834,-6.5407,0.834,0.823,2.9491,0.773,0.808,25.6275,0.808,0.818,-7.2223,0.634,0.792,15.8700,0.792,0.735,5.4033,0.657,0.796,-29.8077,0.796,0.788,-3.4245,0.847,0.914,0.2045,0.920,0.889]
[5.5101,0.797,0.859,0.3298,0.797,0.889,-1.7461,0.797,0.907,0.0019,0.859,0.820,0.0298,0.859,0.790,-3.7626,0.859,0.610,5.1693,0.859,0.628,-2.9409,0.820,0.840,-6.6501,0.840,0.798,3.4962,0.790,0.803,24.2000,0.803,0.827,-8.3625,0.610,0.785,30.9353,0.785,0.721,6.0480,0.628,0.800,-57.2559,0.800,0.783,-3.2118,0.889,0.833,0.3977,0.907,0.918]
[7.7907,0.850,0.852,0.1125,0.850,0.903,-2.0128,0.850,0.942,0.0309,0.852,0.793,0.0021,0.852,0.802,-4.0855,0.852,0.606,4.4433,0.852,0.637,-2.9388,0.793,0.866,-6.4222,0.866,0.795,3.1126,0.802,0.792,24.1874,0.792,0.832,-9.4204,0.606,0.780,-9903.3158,0.780,0.715,6.6633,0.637,0.816,-59.1877,0.816,0.772,-2.0039,0.903,0.860,0.4377,0.942,0.849]
[7.6236,0.904,0.830,0.1127,0.904,0.901,-2.0085,0.904,0.968,0.0625,0.830,0.793,0.0302,0.830,0.783,-3.9175,0.830,0.601,4.8977,0.830,0.612,-3.0624,0.793,0.840,-6.2654,0.840,0.831,3.0589,0.783,0.756,24.8691,0.756,0.848,-11.2929,0.601,0.768,-11073.1176,0.768,0.722,5.7597,0.612,0.805,-59.9128,0.805,0.748,-2.0009,0.901,0.898,0.2191,0.968,0.897]
[7.4860,0.878,0.808,0.2188,0.878,0.838,-2.6501,0.878,0.967,0.0927,0.808,0.798,0.0593,0.808,0.774,-3.7248,0.808,0.599,5.1752,0.808,0.624,-2.9929,0.798,0.840,-6.2021,0.840,0.834,3.2895,0.774,0.775,24.0908,0.775,0.830,-11.6386,0.599,0.764,-63.2161,0.764,0.728,5.7483,0.624,0.784,-61.8706,0.784,0.748,-2.1868,0.838,0.929,0.2224,0.967,0.856]
[6.1353,0.852,0.812,0.3314,0.852,0.838,-2.3361,0.852,0.950,0.0014,0.812,0.804,0.0870,0.812,0.763,-3.6583,0.812,0.613,5.5835,0.812,0.637,-3.0584,0.804,0.838,-6.2668,0.838,0.834,3.5293,0.763,0.757,16.6831,0.757,0.803,-17.5973,0.613,0.768,-30.6683,0.768,0.674,5.7719,0.637,0.776,-68.8351,0.776,0.776,-2.5938,0.838,0.938,0.1094,0.950,0.923]
[6.5649,0.815,0.858,0.2211,0.815,0.906,-1.7594,0.815,0.906,0.0013,0.858,0.823,0.0290,0.858,0.780,-3.8384,0.858,0.623,5.5904,0.858,0.641,-2.8327,0.823,0.825,-6.5375,0.825,0.846,3.4337,0.780,0.755,16.3800,0.755,0.817,-17.6833,0.623,0.769,-21.5445,0.769,0.649,5.8951,0.641,0.775,-750.2078,0.775,0.750,-3.4665,0.906,0.877,0.4407,0.906,0.894]
[6.0026,0.847,0.856,0.1261,0.847,0.918,-1.4183,0.847,0.928,0.0289,0.856,0.823,0.0017,0.856,0.798,-3.8026,0.856,0.639,5.2769,0.856,0.642,-2.9467,0.823,0.822,-6.4721,0.822,0.835,3.2933,0.798,0.786,24.5552,0.786,0.828,-23.3797,0.639,0.753,-21.2713,0.753,0.660,6.3506,0.642,0.771,-1252.8258,0.771,0.763,-2.4064,0.918,0.843,0.5527,0.928,0.916]
[7.9572,0.883,0.847,0.0104,0.883,0.903,-1.7779,0.883,0.961,0.0296,0.847,0.809,0.0018,0.847,0.795,-3.9952,0.847,0.622,5.0608,0.847,0.640,-2.7867,0.809,0.848,-7.2486,0.848,0.825,3.4977,0.795,0.756,16.3324,0.756,0.842,-23.4908,0.622,0.756,-30.8979,0.756,0.642,6.2779,0.640,0.762,-1981.3367,0.762,0.738,-2.0014,0.903,0.889,0.4436,0.961,0.880]
[6.0078,0.889,0.817,0.1259,0.889,0.877,-1.4181,0.889,0.973,0.0307,0.817,0.767,0.0301,0.817,0.780,-3.8059,0.817,0.596,5.2767,0.817,0.627,-2.8268,0.767,0.882,-6.3026,0.882,0.837,2.9514,0.780,0.785,46.0450,0.785,0.826,-33.9937,0.596,0.770,-21.8724,0.770,0.651,6.3839,0.627,0.756,-67.1213,0.756,0.701,-2.2092,0.877,0.902,0.5004,0.973,0.882]
[7.7768,0.856,0.816,0.2222,0.856,0.846,-2.0004,0.856,0.943,0.0927,0.816,0.793,0.0565,0.816,0.788,-4.0391,0.816,0.608,5.0604,0.816,0.632,-2.9419,0.793,0.887,-7.1699,0.887,0.851,3.0030,0.788,0.787,46.5006,0.787,0.822,-34.6038,0.608,0.766,-20.2967,0.766,0.701,6.2958,0.632,0.768,-18462.3636,0.768,0.731,-2.9685,0.846,0.916,0.3276,0.943,0.865]
[8.9635,0.819,0.811,0.3959,0.819,0.852,-3.4726,0.819,0.916,0.0305,0.811,0.805,0.0852,0.811,0.767,-4.1272,0.811,0.586,5.2170,0.811,0.632,-3.0020,0.805,0.875,-7.0051,0.875,0.863,3.1173,0.767,0.804,487.0586,0.804,0.819,-22.7918,0.586,0.778,-21.7290,0.778,0.657,6.9008,0.632,0.770,-2281.7191,0.770,0.719,-2.9760,0.852,0.907,0.2277,0.916,0.847]
[5.7843,0.806,0.838,0.2184,0.806,0.878,-1.7657,0.806,0.897,0.0015,0.838,0.826,0.0580,0.838,0.768,-4.0863,0.838,0.584,5.8104,0.838,0.620,-2.9904,0.826,0.848,-7.0634,0.848,0.860,3.1168,0.768,0.806,47.2027,0.806,0.832,-18.2166,0.584,0.770,-16.7994,0.770,0.620,6.4008,0.620,0.769,15610.6154,0.769,0.716,-3.7021,0.878,0.908,0.4451,0.897,0.878]
[6.5982,0.817,0.844,0.2192,0.817,0.893,-2.3375,0.817,0.903,0.0015,0.844,0.841,0.0295,0.844,0.777,-4.2189,0.844,0.595,5.3824,0.844,0.638,-2.9948,0.841,0.832,-6.6415,0.832,0.800,3.0586,0.777,0.850,48.7969,0.850,0.854,-14.7359,0.595,0.760,-17.5169,0.760,0.576,8.0007,0.638,0.753,-28162.4286,0.753,0.703,-2.7995,0.893,0.889,0.4431,0.903,0.888]
[6.6907,0.827,0.844,0.1125,0.827,0.905,-2.0009,0.827,0.904,0.0293,0.844,0.828,0.0290,0.844,0.781,-4.4054,0.844,0.589,5.1619,0.844,0.633,-2.9352,0.828,0.826,-7.7349,0.826,0.796,3.0507,0.781,0.853,49.6960,0.853,0.881,-15.0197,0.589,0.772,-16.7697,0.772,0.633,8.1396,0.633,0.738,69.3104,0.738,0.728,-3.2402,0.905,0.856,0.6556,0.904,0.914]
[5.3456,0.859,0.843,0.1228,0.859,0.910,-1.6047,0.859,0.923,0.0279,0.843,0.829,0.0018,0.843,0.809,-4.3629,0.843,0.609,5.0631,0.843,0.662,-2.9307,0.829,0.825,-6.5270,0.825,0.850,3.1087,0.809,0.877,456.9414,0.877,0.817,-12.4281,0.609,0.761,-21.1596,0.761,0.645,10.3772,0.662,0.744,35.0810,0.744,0.744,-3.2299,0.910,0.854,0.6575,0.923,0.910]
[6.0077,0.874,0.846,0.1225,0.874,0.899,-1.9973,0.874,0.929,0.0275,0.846,0.828,0.0011,0.846,0.813,-4.5209,0.846,0.625,5.0607,0.846,0.675,-2.7759,0.828,0.873,-7.6640,0.873,0.834,3.0544,0.813,0.864,42.0973,0.864,0.813,-12.2984,0.625,0.779,-17.1718,0.779,0.624,10.3858,0.675,0.749,35.4585,0.749,0.727,-2.4125,0.899,0.876,0.6567,0.929,0.906]
[5.9812,0.873,0.845,0.1099,0.873,0.905,-1.9960,0.873,0.928,0.0276,0.845,0.824,0.0011,0.845,0.810,-4.5215,0.845,0.625,5.0649,0.845,0.672,-2.8261,0.824,0.832,-8.7933,0.832,0.816,3.0461,0.810,0.863,20.5705,0.863,0.839,-12.3399,0.625,0.760,-17.6777,0.760,0.645,9.0142,0.672,0.753,69.0476,0.753,0.761,-2.7373,0.905,0.879,0.5503,0.928,0.909]
