[-23.6938,0.874,0.823,0.4359,0.874,0.905,-0.7608,0.874,0.869,0.0001,0.823,0.789,0.0013,0.823,0.801,-4.0401,0.823,0.575,4.9634,0.823,0.644,-3.8620,0.789,0.830,-7.2999,0.830,0.802,5.5583,0.801,0.771,10.7716,0.771,0.778,-3.1426,0.575,0.813,-3.4682,0.813,0.586,3.2116,0.644,0.747,3.2771,0.747,0.681,-0.8741,0.905,0.896,0.5027,0.869,0.878]
[-47.0745,0.875,0.823,0.4360,0.875,0.906,-0.7589,0.875,0.868,0.0289,0.823,0.790,0.0015,0.823,0.799,-3.9191,0.823,0.582,5.2288,0.823,0.651,-3.9286,0.790,0.837,-7.4595,0.837,0.803,5.1162,0.799,0.754,10.5703,0.754,0.776,-3.2337,0.582,0.825,-3.1013,0.825,0.646,3.2119,0.651,0.754,3.2774,0.754,0.694,-0.8735,0.906,0.898,0.5038,0.868,0.869]
[-1145.5169,0.875,0.827,0.5044,0.875,0.909,-0.6159,0.875,0.869,0.0290,0.827,0.792,0.0012,0.827,0.803,-3.9627,0.827,0.587,5.2783,0.827,0.659,-3.9321,0.792,0.844,-7.4453,0.844,0.808,5.6552,0.803,0.763,10.5974,0.763,0.779,-3.1856,0.587,0.810,-3.0067,0.810,0.623,3.1697,0.659,0.753,3.2803,0.753,0.691,-0.8742,0.909,0.899,0.5038,0.869,0.876]
[-5628.4348,0.874,0.825,0.8290,0.874,0.883,-1.0119,0.874,0.871,0.0316,0.825,0.801,0.0621,0.825,0.782,-3.9980,0.825,0.584,5.3972,0.825,0.664,-3.7939,0.801,0.846,-7.3091,0.846,0.824,5.6654,0.782,0.777,10.7753,0.777,0.768,-3.1427,0.584,0.821,-3.3603,0.821,0.647,3.1279,0.664,0.730,3.3307,0.730,0.743,-0.9983,0.883,0.897,0.6998,0.871,0.901]
[-6014.6364,0.874,0.822,0.8284,0.874,0.878,-1.2493,0.874,0.874,0.0615,0.822,0.791,0.0616,0.822,0.783,-3.9592,0.822,0.581,5.3403,0.822,0.661,-4.0677,0.791,0.838,-6.4437,0.838,0.822,5.5603,0.783,0.775,10.7939,0.775,0.766,-3.1406,0.581,0.826,-3.1954,0.826,0.647,3.0864,0.661,0.732,3.3857,0.732,0.725,-0.9981,0.878,0.896,0.6383,0.874,0.904]
[-1902.9706,0.877,0.827,0.8310,0.877,0.890,-1.0122,0.877,0.866,0.0310,0.827,0.796,0.0622,0.827,0.782,-3.9996,0.827,0.592,5.3356,0.827,0.656,-3.8020,0.796,0.827,-8.2595,0.827,0.833,5.6636,0.782,0.773,10.5538,0.773,0.759,-3.2359,0.592,0.828,-3.2519,0.828,0.641,3.1285,0.656,0.732,3.3856,0.732,0.700,-0.7868,0.890,0.905,0.6999,0.866,0.904]
[-45.6420,0.876,0.827,0.8549,0.876,0.895,-1.4819,0.876,0.868,0.0309,0.827,0.796,0.0624,0.827,0.782,-3.8779,0.827,0.596,5.2335,0.827,0.660,-3.7933,0.796,0.823,-7.0584,0.823,0.835,5.6632,0.782,0.778,10.6423,0.778,0.759,-3.2316,0.596,0.830,-3.3604,0.830,0.656,3.1298,0.660,0.735,3.4899,0.735,0.709,-0.8909,0.895,0.917,0.7012,0.868,0.921]
[-2109.4500,0.860,0.843,0.9912,0.860,0.916,-1.3925,0.860,0.890,0.0295,0.843,0.811,0.0623,0.843,0.777,-3.9991,0.843,0.578,5.3434,0.843,0.656,-4.1568,0.811,0.850,-8.1093,0.850,0.838,5.6791,0.777,0.788,12.8801,0.788,0.760,-3.1452,0.578,0.833,-3.4918,0.833,0.666,3.0845,0.656,0.739,3.4359,0.739,0.725,-0.7885,0.916,0.940,0.7953,0.890,0.929]
[-42.6625,0.860,0.847,1.1449,0.860,0.925,-1.3910,0.860,0.899,0.0003,0.847,0.812,0.0597,0.847,0.775,-4.1292,0.847,0.594,5.2791,0.847,0.669,-4.2442,0.812,0.820,-7.0029,0.820,0.833,5.7750,0.775,0.781,9.9859,0.781,0.771,-3.3716,0.594,0.845,-3.5053,0.845,0.691,3.0027,0.669,0.746,3.4912,0.746,0.734,-0.8906,0.925,0.961,0.8795,0.899,0.932]
[-43.1775,0.858,0.856,0.9900,0.858,0.925,-1.2121,0.858,0.912,0.0294,0.856,0.825,0.0315,0.856,0.782,-4.3127,0.856,0.608,5.0145,0.856,0.677,-4.2285,0.825,0.833,-7.0480,0.833,0.831,5.2136,0.782,0.761,10.2034,0.761,0.778,-3.0937,0.608,0.836,-3.6919,0.836,0.700,3.1271,0.677,0.753,3.3700,0.753,0.675,-0.9974,0.925,0.955,0.7029,0.912,0.924]
[-43.4935,0.852,0.863,0.8584,0.852,0.957,-1.4863,0.852,0.903,0.0004,0.863,0.841,0.0305,0.863,0.797,-3.9585,0.863,0.602,5.3400,0.863,0.679,-3.9404,0.841,0.822,-8.1107,0.822,0.822,5.8913,0.797,0.761,10.2031,0.761,0.782,-3.2764,0.602,0.834,-3.4868,0.834,0.673,3.1245,0.679,0.769,3.3736,0.769,0.690,-0.9994,0.957,0.956,0.7059,0.903,0.929]
[-1743.1831,0.861,0.879,0.9900,0.861,0.969,-1.3881,0.861,0.903,0.0007,0.879,0.854,0.0305,0.879,0.815,-3.8453,0.879,0.580,5.6429,0.879,0.671,-3.6178,0.854,0.814,-8.3002,0.814,0.797,6.5100,0.815,0.740,10.1630,0.740,0.800,-3.3270,0.580,0.814,-3.2046,0.814,0.676,3.0018,0.671,0.776,3.6510,0.776,0.614,-0.9934,0.969,0.965,0.7741,0.903,0.894]
[-4083.8065,0.857,0.886,0.8555,0.857,0.980,-1.1955,0.857,0.910,0.0007,0.886,0.853,0.0307,0.886,0.821,-3.8439,0.886,0.598,5.6422,0.886,0.673,-3.7879,0.853,0.816,-7.1839,0.816,0.816,6.5038,0.821,0.745,10.1440,0.745,0.787,-3.3724,0.598,0.841,-3.5027,0.841,0.687,2.9610,0.673,0.784,3.5235,0.784,0.601,-0.9931,0.980,0.967,0.7754,0.910,0.889]
[4411.8000,0.851,0.891,0.5793,0.851,0.981,-0.8081,0.851,0.903,0.0297,0.891,0.852,0.0019,0.891,0.825,-3.9572,0.891,0.590,5.6540,0.891,0.664,-3.7867,0.852,0.819,-8.4884,0.819,0.789,6.6145,0.825,0.740,8.5067,0.740,0.802,-3.2242,0.590,0.809,-3.3718,0.809,0.673,2.9605,0.664,0.774,3.5996,0.774,0.613,-0.9968,0.981,0.964,0.7014,0.903,0.882]
[-3497.9459,0.857,0.894,0.7178,0.857,0.986,-0.8389,0.857,0.897,0.0292,0.894,0.847,0.0013,0.894,0.832,-4.1232,0.894,0.607,5.5901,0.894,0.676,-3.7863,0.847,0.807,-8.5023,0.807,0.795,6.0280,0.832,0.745,8.2755,0.745,0.803,-3.0067,0.607,0.805,-3.4955,0.805,0.694,3.0022,0.676,0.795,3.5979,0.795,0.631,-0.8783,0.986,0.963,0.5069,0.897,0.882]
[18927.4286,0.866,0.896,0.5718,0.866,0.972,-0.5134,0.866,0.887,0.0006,0.896,0.844,0.0297,0.896,0.838,-4.1229,0.896,0.608,5.6416,0.896,0.679,-3.5852,0.844,0.800,-10.6686,0.800,0.790,5.6838,0.838,0.758,8.8306,0.758,0.811,-3.0079,0.608,0.789,-3.4872,0.789,0.674,3.0030,0.679,0.787,3.4174,0.787,0.626,-0.9930,0.972,0.932,0.6724,0.887,0.887]
[47.3964,0.863,0.897,0.5718,0.863,0.969,-0.5123,0.863,0.892,0.0013,0.897,0.856,0.0311,0.897,0.837,-3.9629,0.897,0.607,5.9631,0.897,0.672,-3.6066,0.856,0.799,-10.0124,0.799,0.779,5.8035,0.837,0.757,8.4556,0.757,0.816,-3.0914,0.607,0.787,-3.3662,0.787,0.678,3.0036,0.672,0.780,3.3721,0.780,0.602,-0.9904,0.969,0.924,0.6056,0.892,0.884]
[48.1006,0.865,0.893,0.4408,0.865,0.975,-0.5133,0.865,0.888,0.0009,0.893,0.854,0.0298,0.893,0.847,-3.9580,0.893,0.594,5.9153,0.893,0.670,-3.5444,0.854,0.780,-8.5319,0.780,0.786,6.2299,0.847,0.769,8.9747,0.769,0.814,-3.0960,0.594,0.797,-3.4922,0.797,0.690,3.0375,0.670,0.774,3.2525,0.774,0.630,-0.8757,0.975,0.926,0.6055,0.888,0.891]
[47.4878,0.871,0.900,0.5720,0.871,0.967,-0.5744,0.871,0.888,0.0014,0.900,0.848,0.0301,0.900,0.859,-3.9977,0.900,0.613,5.9730,0.900,0.673,-3.6040,0.848,0.785,-10.0319,0.785,0.794,6.6342,0.859,0.756,7.2944,0.756,0.815,-3.0924,0.613,0.810,-3.5782,0.810,0.692,2.8885,0.673,0.773,3.4684,0.773,0.542,-0.9917,0.967,0.932,0.7711,0.888,0.907]
[4629.3571,0.867,0.899,0.5110,0.867,0.963,-0.8229,0.867,0.891,0.0009,0.899,0.856,0.0295,0.899,0.852,-4.0019,0.899,0.617,5.7031,0.899,0.663,-3.6707,0.856,0.828,-9.8154,0.828,0.804,6.5812,0.852,0.751,7.3275,0.751,0.821,-3.0505,0.617,0.795,-3.8111,0.795,0.694,2.9578,0.663,0.779,3.3978,0.779,0.546,-0.7567,0.963,0.931,0.6637,0.891,0.896]
[3395.9231,0.878,0.905,0.5718,0.878,0.960,-0.6627,0.878,0.889,0.0008,0.905,0.860,0.0296,0.905,0.863,-3.9189,0.905,0.605,5.5909,0.905,0.664,-3.4774,0.860,0.787,-12.5370,0.787,0.789,5.7858,0.863,0.758,8.6443,0.758,0.822,-3.2845,0.605,0.774,-3.5241,0.774,0.693,3.0408,0.664,0.777,3.3466,0.777,0.577,-0.8898,0.960,0.933,0.6651,0.889,0.906]
[-7790.8235,0.887,0.902,0.5711,0.887,0.943,-0.5733,0.887,0.894,0.0009,0.902,0.861,0.0013,0.902,0.864,-3.9594,0.902,0.612,5.5943,0.902,0.661,-3.5344,0.861,0.809,-12.6596,0.809,0.801,5.9946,0.864,0.752,7.3319,0.752,0.831,-3.3477,0.612,0.755,-3.4499,0.755,0.690,3.0402,0.661,0.778,3.2343,0.778,0.521,-0.8682,0.943,0.927,0.6660,0.894,0.908]
[7116.4737,0.906,0.907,0.4360,0.906,0.933,-0.4389,0.906,0.886,0.0008,0.907,0.854,0.0016,0.907,0.872,-3.9176,0.907,0.607,5.5903,0.907,0.645,-3.5706,0.854,0.809,-13.1445,0.809,0.786,5.6738,0.872,0.767,8.8416,0.767,0.830,-3.2849,0.607,0.739,-3.5708,0.739,0.688,3.0427,0.645,0.778,3.2856,0.778,0.568,-0.8709,0.933,0.919,0.4499,0.886,0.928]
[11268.0833,0.913,0.902,0.4362,0.913,0.925,-0.5749,0.913,0.882,0.0296,0.902,0.854,0.0015,0.902,0.868,-3.9178,0.902,0.609,5.5917,0.902,0.647,-3.7107,0.854,0.771,-12.8934,0.771,0.794,5.7777,0.868,0.755,7.5298,0.755,0.839,-3.2394,0.609,0.755,-3.5182,0.755,0.694,3.0039,0.647,0.740,3.3009,0.740,0.563,-0.8745,0.925,0.905,0.5556,0.882,0.924]
[-13529.0000,0.908,0.905,0.4364,0.908,0.916,-0.5753,0.908,0.887,0.0004,0.905,0.864,0.0011,0.905,0.865,-3.9560,0.905,0.631,5.5997,0.905,0.664,-3.6389,0.864,0.768,-10.6129,0.768,0.798,5.9895,0.865,0.743,8.5584,0.743,0.841,-3.2391,0.631,0.764,-3.5182,0.764,0.695,2.9992,0.664,0.763,3.3689,0.763,0.610,-0.7516,0.916,0.908,0.6648,0.887,0.923]
[-49.6995,0.898,0.904,0.4375,0.898,0.910,-0.4383,0.898,0.892,0.0003,0.904,0.864,0.0011,0.904,0.867,-3.9172,0.904,0.622,5.5977,0.904,0.650,-3.9189,0.864,0.763,-10.3727,0.763,0.803,5.9933,0.867,0.749,7.3830,0.749,0.843,-3.5710,0.622,0.765,-3.1891,0.765,0.666,2.9993,0.650,0.762,3.3025,0.762,0.569,-0.6715,0.910,0.902,0.6255,0.892,0.932]
[2018.5522,0.898,0.905,0.4371,0.898,0.911,-0.5039,0.898,0.895,-0.0001,0.905,0.861,0.0017,0.905,0.860,-3.9152,0.905,0.601,5.9184,0.905,0.642,-3.6485,0.861,0.763,-10.2146,0.763,0.790,6.0017,0.860,0.754,8.5240,0.754,0.847,-3.4080,0.601,0.763,-3.1838,0.763,0.665,2.9237,0.642,0.748,3.3459,0.748,0.636,-0.6733,0.911,0.901,0.6679,0.895,0.933]
[3073.3864,0.896,0.906,0.4366,0.896,0.918,-0.5050,0.896,0.893,-0.0001,0.906,0.871,0.0013,0.906,0.858,-3.9607,0.906,0.615,5.5824,0.906,0.639,-3.4140,0.871,0.770,-12.9023,0.770,0.797,6.5768,0.858,0.769,7.4772,0.769,0.852,-3.2417,0.615,0.757,-3.4430,0.757,0.697,3.0861,0.639,0.753,3.1937,0.753,0.575,-0.7798,0.918,0.905,0.6684,0.893,0.934]
[3654.2162,0.896,0.904,0.4358,0.896,0.918,-0.4381,0.896,0.894,0.0000,0.904,0.870,0.0017,0.904,0.864,-3.8399,0.904,0.606,5.5873,0.904,0.643,-3.5799,0.870,0.770,-10.2233,0.770,0.791,6.4675,0.864,0.762,7.4681,0.762,0.847,-3.6254,0.606,0.754,-3.1368,0.754,0.668,3.0863,0.643,0.749,3.1914,0.749,0.606,-0.7806,0.918,0.903,0.7449,0.894,0.930]
[11270.8333,0.904,0.904,0.4348,0.904,0.913,-0.4386,0.904,0.894,0.0005,0.904,0.858,0.0017,0.904,0.855,-3.9231,0.904,0.603,5.5829,0.904,0.633,-3.6565,0.858,0.760,-12.6368,0.760,0.808,5.8850,0.855,0.748,8.4751,0.748,0.844,-3.4450,0.603,0.737,-3.2366,0.737,0.694,3.0449,0.633,0.737,3.1896,0.737,0.622,-0.7817,0.913,0.897,0.7484,0.894,0.926]
[-2702.4286,0.888,0.905,0.6615,0.888,0.907,-0.5752,0.888,0.904,-0.0000,0.905,0.868,0.0011,0.905,0.848,-3.9645,0.905,0.619,5.3344,0.905,0.654,-4.5000,0.868,0.751,-8.3472,0.751,0.828,5.2106,0.848,0.738,8.7270,0.738,0.848,-3.3961,0.619,0.754,-3.2392,0.754,0.708,3.1769,0.654,0.746,3.1443,0.746,0.615,-0.7759,0.907,0.899,0.6703,0.904,0.920]
[16553.0000,0.888,0.902,0.6612,0.888,0.900,-0.5772,0.888,0.908,0.0009,0.902,0.854,0.0305,0.902,0.842,-3.9181,0.902,0.600,5.2818,0.902,0.639,-4.2276,0.854,0.778,-9.8184,0.778,0.846,5.6803,0.842,0.743,7.4747,0.743,0.829,-3.4910,0.600,0.741,-3.1959,0.741,0.685,3.1802,0.639,0.745,3.0060,0.745,0.582,-0.7768,0.900,0.902,0.6684,0.908,0.914]
[-3577.9730,0.884,0.900,0.6647,0.884,0.892,-0.5770,0.884,0.915,0.0003,0.900,0.859,0.0014,0.900,0.838,-3.9150,0.900,0.600,5.0110,0.900,0.633,-4.1558,0.859,0.765,-9.7910,0.765,0.812,5.6535,0.838,0.744,8.8860,0.744,0.823,-3.6267,0.600,0.761,-3.1860,0.761,0.699,3.3262,0.633,0.743,2.9602,0.743,0.596,-0.6676,0.892,0.882,0.6694,0.915,0.912]
[44142.0000,0.887,0.897,0.7964,0.887,0.876,-0.5730,0.887,0.924,0.0007,0.897,0.855,0.0293,0.897,0.837,-3.9155,0.897,0.600,5.0115,0.897,0.633,-4.1517,0.855,0.772,-9.9876,0.772,0.843,5.2066,0.837,0.731,10.1436,0.731,0.815,-3.7653,0.600,0.764,-2.9975,0.764,0.668,3.2303,0.633,0.747,3.0492,0.747,0.637,-0.5053,0.876,0.863,0.6689,0.924,0.903]
[-47.0014,0.858,0.897,0.7998,0.858,0.884,-0.5771,0.858,0.917,0.0003,0.897,0.863,0.0016,0.897,0.841,-4.0346,0.897,0.596,4.7655,0.897,0.633,-4.8965,0.863,0.766,-8.3165,0.766,0.840,5.1959,0.841,0.727,10.3383,0.727,0.820,-3.5817,0.596,0.798,-2.9106,0.798,0.699,3.3946,0.633,0.756,3.0528,0.756,0.643,-0.6022,0.884,0.873,0.7458,0.917,0.898]
[-832.8113,0.849,0.896,0.9900,0.849,0.880,-0.5744,0.849,0.918,0.0008,0.896,0.850,0.0305,0.896,0.841,-3.9181,0.896,0.598,5.2154,0.896,0.638,-5.0669,0.850,0.769,-7.5735,0.769,0.829,5.0096,0.841,0.725,10.4985,0.725,0.823,-3.5320,0.598,0.783,-3.1307,0.783,0.673,3.2701,0.638,0.732,3.0544,0.732,0.621,-0.6034,0.880,0.866,0.8668,0.918,0.892]
[-45.7505,0.842,0.885,0.8046,0.842,0.889,-0.6654,0.842,0.913,0.0006,0.885,0.839,0.0013,0.885,0.833,-3.9177,0.885,0.591,5.0038,0.885,0.644,-4.1489,0.839,0.769,-10.0065,0.769,0.846,5.1047,0.833,0.730,10.5551,0.730,0.818,-3.5258,0.591,0.786,-2.9547,0.786,0.666,3.3766,0.644,0.735,2.9629,0.735,0.639,-0.6030,0.889,0.863,0.6695,0.913,0.887]
[-46.3177,0.848,0.881,0.8021,0.848,0.893,-0.6672,0.848,0.918,0.0004,0.881,0.842,0.0013,0.881,0.829,-3.9183,0.881,0.593,5.0013,0.881,0.641,-4.4967,0.842,0.771,-8.3529,0.771,0.825,4.6544,0.829,0.734,13.0164,0.734,0.810,-3.7099,0.593,0.806,-2.9653,0.806,0.685,3.2837,0.641,0.718,3.0547,0.718,0.607,-0.7752,0.893,0.872,0.6681,0.918,0.884]
[-45.2795,0.846,0.876,0.9898,0.846,0.898,-0.6647,0.846,0.915,0.0004,0.876,0.840,0.0012,0.876,0.829,-3.9207,0.876,0.595,4.7542,0.876,0.652,-4.1748,0.840,0.772,-8.8554,0.772,0.808,5.0072,0.829,0.744,9.0410,0.744,0.804,-3.7067,0.595,0.800,-3.0531,0.800,0.653,3.2292,0.652,0.715,3.2527,0.715,0.659,-0.7795,0.898,0.881,0.6683,0.915,0.888]
[-46.5358,0.844,0.867,0.7586,0.844,0.892,-0.5062,0.844,0.912,0.0293,0.867,0.824,0.0012,0.867,0.819,-4.0838,0.867,0.599,4.4918,0.867,0.645,-4.5376,0.824,0.806,-7.4554,0.806,0.796,4.6549,0.819,0.715,10.5629,0.715,0.798,-3.5182,0.599,0.816,-3.0983,0.816,0.648,3.2671,0.645,0.722,3.3698,0.722,0.673,-0.6757,0.892,0.880,0.6698,0.912,0.885]
[-2179.8871,0.839,0.849,0.7571,0.839,0.890,-0.5074,0.839,0.913,0.0294,0.849,0.820,0.0010,0.849,0.814,-3.9201,0.849,0.602,4.7107,0.849,0.660,-4.6282,0.820,0.782,-6.4370,0.782,0.813,5.0054,0.814,0.739,10.7559,0.739,0.813,-3.3509,0.602,0.792,-3.2825,0.792,0.652,3.2352,0.660,0.730,3.2035,0.730,0.702,-0.7558,0.890,0.882,0.5608,0.913,0.876]
[-45.1665,0.841,0.837,0.7984,0.841,0.889,-0.6051,0.841,0.901,0.0009,0.837,0.802,0.0301,0.837,0.808,-4.2705,0.837,0.590,4.6983,0.837,0.666,-4.7060,0.802,0.764,-6.3298,0.764,0.799,4.5638,0.808,0.743,10.7704,0.743,0.814,-3.0910,0.590,0.788,-3.1428,0.788,0.646,3.3343,0.666,0.710,3.4003,0.710,0.670,-0.7478,0.889,0.873,0.5605,0.901,0.870]
[-45.5711,0.844,0.837,0.8006,0.844,0.886,-0.6028,0.844,0.903,0.0308,0.837,0.796,0.0303,0.837,0.804,-4.1762,0.837,0.571,4.5994,0.837,0.651,-4.7018,0.796,0.783,-6.4498,0.783,0.794,4.6495,0.804,0.734,10.6124,0.734,0.811,-3.0495,0.571,0.786,-3.3331,0.786,0.681,3.1686,0.651,0.743,3.8194,0.743,0.622,-0.5587,0.886,0.869,0.4085,0.903,0.862]
[-44.5545,0.836,0.843,0.6128,0.836,0.895,-0.5129,0.836,0.905,0.0308,0.843,0.795,0.0302,0.843,0.811,-4.0431,0.843,0.582,4.6475,0.843,0.652,-4.2459,0.795,0.809,-7.3077,0.809,0.781,4.8200,0.811,0.726,10.3799,0.726,0.812,-3.0884,0.582,0.762,-3.4547,0.762,0.695,2.9685,0.652,0.745,4.0424,0.745,0.655,-0.6260,0.895,0.869,0.4480,0.905,0.861]
[-43.8845,0.833,0.838,0.8023,0.833,0.901,-0.6698,0.833,0.904,0.0009,0.838,0.801,0.0298,0.838,0.807,-4.2206,0.838,0.573,4.6989,0.838,0.660,-4.3339,0.801,0.775,-7.3037,0.775,0.794,4.3508,0.807,0.724,12.8715,0.724,0.792,-2.9169,0.573,0.745,-3.4606,0.745,0.681,2.8784,0.660,0.736,3.8793,0.736,0.705,-0.4504,0.901,0.874,0.5540,0.904,0.864]
[-43.9518,0.826,0.838,0.8032,0.826,0.900,-0.6707,0.826,0.903,0.0009,0.838,0.806,0.0297,0.838,0.805,-4.0824,0.838,0.585,4.7069,0.838,0.651,-4.2386,0.806,0.757,-7.3010,0.757,0.805,4.7336,0.805,0.730,8.6852,0.730,0.799,-2.9586,0.585,0.755,-3.6281,0.755,0.676,2.7625,0.651,0.744,4.1111,0.744,0.726,-0.5592,0.900,0.866,0.5546,0.903,0.857]
[-22.8832,0.830,0.842,0.6733,0.830,0.908,-0.8004,0.830,0.902,0.0299,0.842,0.811,0.0013,0.842,0.810,-4.0818,0.842,0.582,4.7090,0.842,0.668,-4.2466,0.811,0.792,-7.5437,0.792,0.813,5.2009,0.810,0.735,8.6611,0.735,0.794,-2.6567,0.582,0.759,-4.0655,0.759,0.677,2.7207,0.668,0.739,4.1768,0.739,0.730,-0.5569,0.908,0.865,0.5526,0.902,0.861]
[-43.6223,0.832,0.851,0.8318,0.832,0.914,-0.8091,0.832,0.909,0.0006,0.851,0.812,0.0008,0.851,0.810,-3.9602,0.851,0.598,4.9983,0.851,0.671,-4.0698,0.812,0.750,-8.2808,0.750,0.844,4.3497,0.810,0.735,8.6521,0.735,0.806,-2.5799,0.598,0.762,-4.1236,0.762,0.718,2.7312,0.671,0.753,4.0595,0.753,0.767,-0.6662,0.914,0.866,0.4526,0.909,0.857]
[-22.1898,0.831,0.852,0.6787,0.831,0.921,-0.8100,0.831,0.913,0.0008,0.852,0.811,0.0011,0.852,0.814,-4.0851,0.852,0.587,4.7007,0.852,0.665,-4.4010,0.811,0.767,-7.1293,0.767,0.824,4.4226,0.814,0.735,10.1063,0.735,0.802,-2.5238,0.587,0.777,-4.3617,0.777,0.708,2.7293,0.665,0.747,4.0730,0.747,0.756,-0.7522,0.921,0.869,0.4515,0.913,0.852]
[-43.7440,0.831,0.851,0.8107,0.831,0.916,-0.6806,0.831,0.916,0.0297,0.851,0.810,0.0011,0.851,0.814,-4.0831,0.851,0.587,4.7551,0.851,0.662,-3.9938,0.810,0.762,-7.4424,0.762,0.808,4.3504,0.814,0.743,8.6024,0.743,0.810,-2.5205,0.587,0.796,-4.1945,0.796,0.686,2.6308,0.662,0.742,4.2083,0.742,0.800,-0.6710,0.916,0.859,0.4498,0.916,0.852]
[-22.4653,0.832,0.843,0.8347,0.832,0.916,-0.8093,0.832,0.911,0.0297,0.843,0.813,0.0010,0.843,0.809,-4.2232,0.843,0.576,4.7050,0.843,0.658,-4.3197,0.813,0.765,-6.5032,0.765,0.810,4.3558,0.809,0.744,8.6144,0.744,0.798,-2.4638,0.576,0.815,-4.3436,0.815,0.689,2.6651,0.658,0.732,4.2889,0.732,0.795,-0.6668,0.916,0.868,0.4517,0.911,0.862]
[-22.4890,0.835,0.842,0.6814,0.835,0.924,-0.8114,0.835,0.915,0.0306,0.842,0.810,0.0010,0.842,0.812,-4.2232,0.842,0.589,4.4905,0.842,0.677,-3.6467,0.810,0.756,-7.4313,0.756,0.794,4.5488,0.812,0.752,7.7277,0.752,0.789,-2.4290,0.589,0.803,-4.3453,0.803,0.670,2.6140,0.677,0.755,4.5544,0.755,0.794,-0.6707,0.924,0.870,0.4503,0.915,0.858]
[-21.8509,0.838,0.852,0.8373,0.838,0.933,-1.2364,0.838,0.917,0.0005,0.852,0.819,0.0010,0.852,0.816,-4.0868,0.852,0.593,4.4855,0.852,0.681,-3.9937,0.819,0.748,-7.1266,0.748,0.800,4.2635,0.816,0.749,8.8098,0.749,0.783,-2.4768,0.593,0.819,-5.2668,0.819,0.717,2.5551,0.681,0.724,4.7567,0.724,0.812,-0.7779,0.933,0.886,0.4502,0.917,0.863]
[-1710.2703,0.837,0.862,0.9989,0.837,0.929,-1.0001,0.837,0.919,0.0009,0.862,0.828,0.0298,0.862,0.816,-4.0444,0.862,0.581,4.7058,0.862,0.675,-4.2360,0.828,0.751,-6.5111,0.751,0.812,4.9986,0.816,0.751,7.5710,0.751,0.792,-2.3790,0.581,0.807,-4.9209,0.807,0.708,2.5137,0.675,0.732,4.8406,0.732,0.807,-0.6040,0.929,0.869,0.5594,0.919,0.879]
[-42.0759,0.848,0.873,1.1922,0.848,0.948,-1.0053,0.848,0.931,0.0008,0.873,0.839,0.0290,0.873,0.820,-4.1244,0.873,0.594,4.5370,0.873,0.690,-4.0760,0.839,0.741,-7.2753,0.741,0.835,4.4546,0.820,0.761,8.9933,0.761,0.800,-2.3574,0.594,0.797,-4.9304,0.797,0.695,2.3537,0.690,0.734,5.3194,0.734,0.815,-0.7754,0.948,0.880,0.7447,0.931,0.882]
[-20.9760,0.858,0.868,1.1587,0.858,0.950,-1.3872,0.858,0.938,0.0011,0.868,0.837,0.0302,0.868,0.818,-3.9521,0.868,0.596,4.7995,0.868,0.681,-3.9924,0.837,0.747,-7.2694,0.747,0.809,4.4335,0.818,0.745,7.1318,0.745,0.789,-2.4074,0.596,0.818,-5.0038,0.818,0.698,2.0983,0.681,0.719,6.8300,0.719,0.799,-0.7747,0.950,0.892,0.6664,0.938,0.884]
[-20.6118,0.859,0.875,1.1575,0.859,0.937,-1.3957,0.859,0.926,-0.0000,0.875,0.844,0.0011,0.875,0.812,-3.7619,0.875,0.610,4.7548,0.875,0.674,-4.0031,0.844,0.748,-7.1109,0.748,0.792,4.8089,0.812,0.755,7.1561,0.755,0.810,-2.4938,0.610,0.775,-4.6694,0.775,0.707,2.0953,0.674,0.736,6.8530,0.736,0.813,-0.7792,0.937,0.928,0.6728,0.926,0.906]
[-20.7420,0.858,0.881,1.1570,0.858,0.923,-1.3905,0.858,0.920,0.0006,0.881,0.838,0.0307,0.881,0.801,-3.7966,0.881,0.611,4.7577,0.881,0.674,-3.5969,0.838,0.748,-8.1325,0.748,0.807,4.0186,0.801,0.761,8.4669,0.761,0.793,-2.4065,0.611,0.802,-5.8220,0.802,0.707,2.0623,0.674,0.755,6.9741,0.755,0.808,-0.7795,0.923,0.930,0.7772,0.920,0.927]
[-20.5263,0.862,0.873,1.1531,0.862,0.912,-1.3908,0.862,0.909,0.0005,0.873,0.845,0.0307,0.873,0.797,-3.7984,0.873,0.603,4.7559,0.873,0.662,-3.7151,0.845,0.747,-6.3855,0.747,0.794,4.4187,0.797,0.774,7.2986,0.774,0.787,-2.3691,0.603,0.787,-5.4317,0.787,0.701,2.0604,0.662,0.763,6.7956,0.763,0.800,-0.8806,0.912,0.930,0.7769,0.909,0.936]
[-14.2364,0.862,0.853,0.8653,0.862,0.898,-1.4893,0.862,0.891,0.0301,0.853,0.839,0.0308,0.853,0.777,-3.7594,0.853,0.601,4.7609,0.853,0.664,-3.3735,0.839,0.788,-9.7947,0.788,0.817,4.7263,0.777,0.765,7.1553,0.765,0.791,-2.2388,0.601,0.769,-7.7505,0.769,0.705,1.9715,0.664,0.768,7.6762,0.768,0.810,-0.7738,0.898,0.929,0.7719,0.891,0.928]
[5.4699,0.917,0.847,0.1064,0.917,0.885,-7.5620,0.917,0.982,0.0010,0.847,0.784,0.0598,0.847,0.797,-4.1200,0.847,0.577,6.2551,0.847,0.644,-3.4802,0.784,0.840,-25.2847,0.840,0.774,5.2972,0.797,0.744,-53.9516,0.744,0.807,-9.3084,0.577,0.787,-7.8801,0.787,0.769,37.8639,0.644,0.745,1529.4331,0.745,0.703,-1.6852,0.885,0.934,0.0858,0.982,0.915]
[4.8949,0.907,0.848,0.1184,0.907,0.885,-4.0245,0.907,0.979,0.0311,0.848,0.792,0.0599,0.848,0.798,-4.1203,0.848,0.578,6.2505,0.848,0.643,-3.5461,0.792,0.836,-25.7421,0.836,0.776,5.2989,0.798,0.741,-53.7972,0.741,0.807,-9.2901,0.578,0.782,-7.8864,0.782,0.772,37.8744,0.643,0.757,1332.3784,0.757,0.709,-2.0028,0.885,0.927,0.0860,0.979,0.917]
[5.4595,0.925,0.851,0.0029,0.925,0.902,-7.4596,0.925,0.970,0.0011,0.851,0.788,0.0601,0.851,0.797,-4.1223,0.851,0.579,5.9023,0.851,0.635,-3.7146,0.788,0.834,-17.5382,0.834,0.778,4.9979,0.797,0.730,-52.2014,0.730,0.791,-10.4977,0.579,0.802,-7.5757,0.802,0.720,72.9318,0.635,0.719,64.5824,0.719,0.700,-2.0066,0.902,0.915,0.1519,0.970,0.916]
[5.5761,0.925,0.850,0.0035,0.925,0.904,-7.4777,0.925,0.971,0.0611,0.850,0.789,0.0310,0.850,0.795,-4.0810,0.850,0.573,5.8489,0.850,0.637,-3.7826,0.789,0.834,-17.4961,0.834,0.770,4.9127,0.795,0.725,-52.7986,0.725,0.793,-10.4963,0.573,0.804,-7.5825,0.804,0.720,38.0906,0.637,0.714,5214.0857,0.714,0.698,-2.0058,0.904,0.911,0.1516,0.971,0.920]
[5.0215,0.941,0.848,0.0026,0.941,0.923,-7.5133,0.941,0.970,0.0304,0.848,0.787,0.0616,0.848,0.796,-3.9303,0.848,0.578,6.1845,0.848,0.644,-3.7106,0.787,0.828,-25.8199,0.828,0.789,5.3018,0.796,0.722,54.3275,0.722,0.784,-10.6437,0.578,0.773,-7.5942,0.773,0.747,36.9883,0.644,0.711,-2254.2593,0.711,0.693,-1.6966,0.923,0.898,0.1405,0.970,0.938]
[5.0392,0.954,0.851,0.0031,0.954,0.937,-4.0391,0.954,0.960,0.0003,0.851,0.788,0.0611,0.851,0.801,-4.0828,0.851,0.569,6.1754,0.851,0.638,-3.7031,0.788,0.835,-26.1566,0.835,0.801,5.4105,0.801,0.730,51.8515,0.730,0.764,-9.2654,0.569,0.782,-8.2303,0.782,0.736,37.8219,0.638,0.710,-5532.7576,0.710,0.698,-1.6871,0.937,0.901,0.1502,0.960,0.939]
[5.7394,0.954,0.861,0.0039,0.954,0.941,-3.5747,0.954,0.952,0.0003,0.861,0.795,0.0301,0.861,0.808,-4.2049,0.861,0.588,5.7861,0.861,0.652,-3.6424,0.795,0.818,-25.9330,0.818,0.796,4.9231,0.808,0.736,51.0083,0.736,0.782,-9.3787,0.588,0.768,-7.7117,0.768,0.722,37.1693,0.652,0.709,-62778.0000,0.709,0.685,-2.0018,0.941,0.892,0.0805,0.952,0.938]
[5.7608,0.957,0.857,0.1063,0.957,0.970,-3.9577,0.957,0.927,0.0290,0.857,0.802,0.0309,0.857,0.808,-4.0454,0.857,0.589,6.1219,0.857,0.646,-3.6396,0.802,0.812,-26.0053,0.812,0.801,4.5209,0.808,0.736,7504.1000,0.736,0.778,-9.2947,0.589,0.765,-7.8002,0.765,0.730,24.6564,0.646,0.718,33349.8333,0.718,0.713,-1.9872,0.970,0.899,0.0862,0.927,0.932]
[5.7484,0.959,0.864,0.0046,0.959,0.975,-3.9407,0.959,0.931,0.0003,0.864,0.818,0.0301,0.864,0.811,-4.0428,0.864,0.597,6.1258,0.864,0.647,-3.5724,0.818,0.815,-25.8186,0.815,0.807,4.9048,0.811,0.732,50.7321,0.732,0.783,-9.4234,0.597,0.758,-8.5698,0.758,0.734,18.9818,0.647,0.706,65.5641,0.706,0.689,-2.0205,0.975,0.877,0.1532,0.931,0.930]
[5.7568,0.945,0.864,0.0076,0.945,0.984,-3.9487,0.945,0.924,0.0002,0.864,0.827,0.0302,0.864,0.811,-4.0417,0.864,0.588,6.0599,0.864,0.646,-3.5744,0.827,0.818,-25.8043,0.818,0.808,4.4955,0.811,0.731,52.0424,0.731,0.784,-9.4518,0.588,0.749,-8.4752,0.749,0.708,18.9805,0.646,0.709,-64.1232,0.709,0.692,-1.5172,0.984,0.893,0.1511,0.924,0.929]
[5.7397,0.950,0.859,0.0063,0.950,0.980,-3.9350,0.950,0.924,0.0002,0.859,0.826,0.0304,0.859,0.811,-4.0420,0.859,0.597,6.0623,0.859,0.649,-3.5675,0.826,0.818,-26.5119,0.818,0.825,4.5063,0.811,0.733,52.2777,0.733,0.791,-9.2967,0.597,0.761,-8.6029,0.761,0.703,19.2282,0.649,0.708,68.0135,0.708,0.695,-1.8192,0.980,0.892,0.1510,0.924,0.936]
[5.7536,0.930,0.865,0.0093,0.930,0.988,-2.6524,0.930,0.903,0.0000,0.865,0.827,0.0300,0.865,0.801,-4.0009,0.865,0.585,6.0627,0.865,0.644,-3.9063,0.827,0.792,-17.7194,0.792,0.832,4.2624,0.801,0.735,55.3317,0.735,0.797,-10.5999,0.585,0.759,-7.7984,0.759,0.731,19.1898,0.644,0.721,-3143.9322,0.721,0.695,-1.6786,0.988,0.882,0.2464,0.903,0.911]
[5.7564,0.927,0.861,0.0073,0.927,0.978,-2.3497,0.927,0.892,0.0000,0.861,0.830,0.0301,0.861,0.816,-4.0042,0.861,0.588,6.0630,0.861,0.642,-3.5836,0.830,0.811,-17.4747,0.811,0.804,4.4195,0.816,0.721,53.3237,0.721,0.784,-10.5350,0.588,0.757,-7.9320,0.757,0.728,15.1597,0.642,0.716,-6358.6452,0.716,0.690,-2.0163,0.978,0.873,0.1698,0.892,0.910]
[5.7450,0.925,0.863,0.0075,0.925,0.972,-2.3499,0.925,0.888,0.0001,0.863,0.828,0.0302,0.863,0.821,-4.0045,0.863,0.580,6.0536,0.863,0.635,-3.3475,0.828,0.818,-26.5454,0.818,0.818,4.3378,0.821,0.732,1200.3154,0.732,0.789,-10.6761,0.580,0.743,-8.8675,0.743,0.704,12.6125,0.635,0.718,-69.2242,0.718,0.690,-2.2143,0.972,0.867,0.2487,0.888,0.907]
[5.7462,0.907,0.862,0.1249,0.907,0.970,-2.6560,0.907,0.880,0.0001,0.862,0.835,0.0019,0.862,0.815,-4.0051,0.862,0.584,5.9999,0.862,0.641,-3.3447,0.835,0.816,-26.2455,0.816,0.833,4.5840,0.815,0.737,52.0442,0.737,0.781,-10.5144,0.584,0.747,-8.7850,0.747,0.715,13.2742,0.641,0.723,-67.1235,0.723,0.705,-2.2042,0.970,0.860,0.2490,0.880,0.910]
[5.7473,0.900,0.877,0.1257,0.900,0.966,-2.6683,0.900,0.875,0.0001,0.877,0.850,0.0293,0.877,0.819,-4.0032,0.877,0.583,6.0543,0.877,0.636,-3.4740,0.850,0.795,-26.0122,0.795,0.840,4.4998,0.819,0.749,15300.9000,0.749,0.764,-10.5598,0.583,0.746,-8.7538,0.746,0.703,12.9302,0.636,0.712,-65.1563,0.712,0.692,-2.2017,0.966,0.859,0.2485,0.875,0.897]
[5.6280,0.878,0.884,0.2466,0.878,0.962,-2.0084,0.878,0.860,0.0003,0.884,0.862,0.0293,0.884,0.808,-4.0407,0.884,0.585,6.0612,0.884,0.620,-3.5361,0.862,0.791,-25.4992,0.791,0.831,4.5916,0.808,0.752,52.6031,0.752,0.767,-10.6974,0.585,0.733,-8.6167,0.733,0.715,13.0758,0.620,0.723,-32.1911,0.723,0.694,-1.8377,0.962,0.848,0.2729,0.860,0.912]
[5.7393,0.886,0.878,0.1277,0.886,0.958,-1.7624,0.886,0.866,0.0005,0.878,0.858,0.0295,0.878,0.807,-4.0008,0.878,0.580,6.0654,0.878,0.625,-3.4700,0.858,0.786,-26.0332,0.786,0.827,4.2526,0.807,0.754,2186.4571,0.754,0.758,-10.8003,0.580,0.738,-8.5555,0.738,0.680,13.0419,0.625,0.717,-65.6646,0.717,0.703,-2.3944,0.958,0.851,0.3614,0.866,0.932]
[5.6265,0.881,0.879,0.2453,0.881,0.952,-1.9930,0.881,0.861,0.0006,0.879,0.863,0.0297,0.879,0.815,-4.0408,0.879,0.587,6.0612,0.879,0.632,-3.5326,0.863,0.789,-25.5722,0.789,0.827,4.5827,0.815,0.752,54.1018,0.752,0.752,-10.4077,0.587,0.736,-8.7505,0.736,0.694,13.0701,0.632,0.729,-66.0756,0.729,0.700,-2.6012,0.952,0.861,0.3629,0.861,0.945]
[5.6248,0.871,0.878,0.2473,0.871,0.951,-1.9955,0.871,0.857,0.0002,0.878,0.857,0.0291,0.878,0.815,-4.0035,0.878,0.585,6.0514,0.878,0.634,-3.3268,0.857,0.794,-48.0301,0.794,0.825,4.2460,0.815,0.778,15017.4000,0.778,0.762,-10.6789,0.585,0.731,-10.0888,0.731,0.655,13.0807,0.634,0.741,-3611.1509,0.741,0.727,-2.3875,0.951,0.860,0.3610,0.857,0.942]
[5.6335,0.863,0.876,0.2467,0.863,0.948,-1.6131,0.863,0.851,0.0004,0.876,0.847,0.0289,0.876,0.815,-4.0026,0.876,0.585,6.0517,0.876,0.625,-3.6005,0.847,0.796,-25.0751,0.796,0.847,4.2415,0.815,0.778,-15307.3000,0.778,0.765,-10.6969,0.585,0.726,-9.6851,0.726,0.681,13.0511,0.625,0.753,-11958.8125,0.753,0.733,-2.5937,0.948,0.858,0.3958,0.851,0.948]
[5.6230,0.873,0.874,0.2466,0.873,0.950,-2.0009,0.873,0.859,0.0009,0.874,0.851,0.0294,0.874,0.812,-4.0412,0.874,0.585,6.0578,0.874,0.625,-3.2599,0.851,0.807,-48.1520,0.807,0.818,4.5869,0.812,0.761,5195.9667,0.761,0.753,-10.5121,0.585,0.738,-8.8073,0.738,0.645,12.6851,0.625,0.731,-8697.3478,0.731,0.708,-2.2021,0.950,0.857,0.2731,0.859,0.921]
[5.7645,0.879,0.868,0.1277,0.879,0.965,-1.6143,0.879,0.871,0.0002,0.868,0.844,0.0013,0.868,0.811,-4.0043,0.868,0.580,6.0531,0.868,0.625,-3.4717,0.844,0.795,-25.1265,0.795,0.815,4.3151,0.811,0.779,-54.2571,0.779,0.755,-9.2270,0.580,0.755,-11.4591,0.755,0.671,12.8751,0.625,0.744,-14083.2857,0.744,0.722,-1.6762,0.965,0.856,0.3950,0.871,0.896]
[5.6407,0.876,0.869,0.2464,0.876,0.964,-2.2431,0.876,0.863,0.0005,0.869,0.849,0.0293,0.869,0.817,-4.0439,0.869,0.580,6.1214,0.869,0.619,-3.3268,0.849,0.806,-25.1385,0.806,0.817,4.5911,0.817,0.765,15878.4000,0.765,0.759,-9.4309,0.580,0.756,-11.0362,0.756,0.674,10.9490,0.619,0.750,-67.8094,0.750,0.710,-1.8401,0.964,0.849,0.3584,0.863,0.898]
[5.6294,0.866,0.879,0.3679,0.866,0.935,-2.0071,0.866,0.851,0.0290,0.879,0.850,0.0010,0.879,0.816,-4.0035,0.879,0.589,6.0062,0.879,0.627,-3.3225,0.850,0.816,-24.3685,0.816,0.790,4.5837,0.816,0.758,-2272.0857,0.758,0.764,-9.3076,0.589,0.760,-13.2711,0.760,0.610,10.8672,0.627,0.761,-1871.4019,0.761,0.712,-2.5805,0.935,0.856,0.2721,0.851,0.941]
[5.5014,0.871,0.886,0.3741,0.871,0.910,-1.6181,0.871,0.857,0.0295,0.886,0.859,0.0018,0.886,0.798,-4.0430,0.886,0.579,6.1932,0.886,0.616,-3.3808,0.859,0.830,-24.5093,0.830,0.815,5.0836,0.798,0.763,55.2250,0.763,0.771,-9.2995,0.579,0.784,-13.2559,0.784,0.643,10.5460,0.616,0.762,-892.2805,0.762,0.728,-2.1635,0.910,0.872,0.2945,0.857,0.959]
[5.2805,0.904,0.877,0.3735,0.904,0.880,-1.6133,0.904,0.889,0.0011,0.877,0.858,0.0592,0.877,0.777,-4.0390,0.877,0.583,6.1836,0.877,0.621,-3.3125,0.858,0.836,-17.1575,0.836,0.803,4.5048,0.777,0.753,-8083.7500,0.753,0.755,-8.2511,0.583,0.766,-16.6149,0.766,0.623,9.2964,0.621,0.773,-63.8941,0.773,0.739,-2.3822,0.880,0.887,0.1033,0.889,0.978]
[5.9783,0.917,0.864,0.1241,0.917,0.863,-1.9937,0.917,0.921,0.0305,0.864,0.844,0.0877,0.864,0.761,-3.9967,0.864,0.580,6.1969,0.864,0.621,-3.4330,0.844,0.855,-24.5607,0.855,0.802,5.4905,0.761,0.725,27.0681,0.725,0.802,-8.6726,0.580,0.801,-15.6660,0.801,0.613,9.3603,0.621,0.795,-62.9451,0.795,0.790,-2.5021,0.863,0.910,0.0923,0.921,0.978]
[6.4221,0.916,0.839,0.1256,0.916,0.900,-1.6111,0.916,0.938,0.0622,0.839,0.819,0.0599,0.839,0.786,-3.9552,0.839,0.579,6.1346,0.839,0.636,-3.3131,0.819,0.857,-24.9699,0.857,0.775,5.3956,0.786,0.736,53.2556,0.736,0.786,-8.4618,0.579,0.816,-12.7768,0.816,0.641,8.1164,0.636,0.783,-32.1164,0.783,0.762,-2.0005,0.900,0.895,0.1126,0.938,0.959]
[6.5055,0.904,0.843,0.1116,0.904,0.948,-1.9840,0.904,0.909,0.0921,0.843,0.808,0.0305,0.843,0.802,-3.9054,0.843,0.569,6.0155,0.843,0.647,-3.3138,0.808,0.861,-13.0054,0.861,0.775,5.5938,0.802,0.754,51.9173,0.754,0.777,-8.3774,0.569,0.821,-12.0173,0.821,0.640,6.7331,0.647,0.773,-15.8859,0.773,0.768,-3.2644,0.948,0.876,0.0994,0.909,0.956]
